           0     -31.2428
   0.0069636     -31.2427
   0.0139272     -31.2426
   0.0208908     -31.2424
   0.0278544     -31.2422
    0.034818     -31.2419
   0.0417816     -31.2415
   0.0487452     -31.2411
   0.0557088     -31.2407
   0.0626724     -31.2402
   0.0626724     -31.2402
   0.0725874     -31.2393
   0.0825025     -31.2367
   0.0924176     -31.2323
    0.102333     -31.2263
    0.112248     -31.2189
    0.122163     -31.2102
    0.132078     -31.2006
    0.141993     -31.1903
    0.151908     -31.1798
    0.151908     -31.1798
    0.164024     -31.1907
     0.17614     -31.2014
    0.188256     -31.2114
    0.200372     -31.2204
    0.212489     -31.2282
    0.224605     -31.2344
    0.236721     -31.2391
    0.248837     -31.2419
    0.260953     -31.2428

           0     -31.2427
   0.0069636     -31.2426
   0.0139272     -31.2424
   0.0208908     -31.2422
   0.0278544     -31.2419
    0.034818     -31.2416
   0.0417816     -31.2412
   0.0487452     -31.2408
   0.0557088     -31.2404
   0.0626724     -31.2402
   0.0626724     -31.2402
   0.0725874     -31.2393
   0.0825025     -31.2367
   0.0924176     -31.2323
    0.102333     -31.2263
    0.112248     -31.2189
    0.122163     -31.2102
    0.132078     -31.2006
    0.141993     -31.1903
    0.151908     -31.1798
    0.151908     -31.1798
    0.164024     -31.1902
     0.17614     -31.2009
    0.188256     -31.2109
    0.200372       -31.22
    0.212489     -31.2278
    0.224605     -31.2342
    0.236721     -31.2388
    0.248837     -31.2417
    0.260953     -31.2427

           0     -31.2419
   0.0069636     -31.2411
   0.0139272     -31.2384
   0.0208908      -31.238
   0.0278544     -31.2383
    0.034818     -31.2386
   0.0417816      -31.239
   0.0487452     -31.2394
   0.0557088     -31.2398
   0.0626724     -31.2399
   0.0626724     -31.2399
   0.0725874      -31.239
   0.0825025     -31.2363
   0.0924176     -31.2318
    0.102333     -31.2258
    0.112248     -31.2183
    0.122163     -31.2096
    0.132078     -31.1999
    0.141993     -31.1897
    0.151908     -31.1797
    0.151908     -31.1797
    0.164024       -31.19
     0.17614     -31.1999
    0.188256     -31.2094
    0.200372     -31.2187
    0.212489     -31.2268
    0.224605     -31.2333
    0.236721      -31.238
    0.248837     -31.2409
    0.260953     -31.2419

           0     -31.2377
   0.0069636     -31.2377
   0.0139272     -31.2379
   0.0208908     -31.2377
   0.0278544      -31.238
    0.034818     -31.2383
   0.0417816     -31.2387
   0.0487452     -31.2391
   0.0557088     -31.2395
   0.0626724     -31.2399
   0.0626724     -31.2399
   0.0725874      -31.239
   0.0825025     -31.2363
   0.0924176     -31.2318
    0.102333     -31.2258
    0.112248     -31.2183
    0.122163     -31.2096
    0.132078     -31.1999
    0.141993     -31.1897
    0.151908     -31.1797
    0.151908     -31.1797
    0.164024     -31.1892
     0.17614     -31.1991
    0.188256     -31.2091
    0.200372     -31.2174
    0.212489     -31.2244
    0.224605     -31.2301
    0.236721     -31.2343
    0.248837     -31.2369
    0.260953     -31.2377

           0     -31.2374
   0.0069636     -31.2374
   0.0139272     -31.2376
   0.0208908      -31.234
   0.0278544     -31.2279
    0.034818     -31.2205
   0.0417816     -31.2118
   0.0487452     -31.2022
   0.0557088     -31.1919
   0.0626724     -31.1812
   0.0626724     -31.1812
   0.0725874     -31.1811
   0.0825025     -31.1809
   0.0924176     -31.1806
    0.102333     -31.1801
    0.112248     -31.1796
    0.122163     -31.1789
    0.132078     -31.1782
    0.141993     -31.1774
    0.151908     -31.1791
    0.151908     -31.1791
    0.164024      -31.188
     0.17614     -31.1991
    0.188256     -31.2084
    0.200372     -31.2167
    0.212489     -31.2239
    0.224605     -31.2297
    0.236721     -31.2339
    0.248837     -31.2365
    0.260953     -31.2374

           0     -31.2318
   0.0069636     -31.2309
   0.0139272     -31.2283
   0.0208908     -31.2239
   0.0278544      -31.218
    0.034818     -31.2106
   0.0417816     -31.2021
   0.0487452     -31.1925
   0.0557088     -31.1824
   0.0626724     -31.1812
   0.0626724     -31.1812
   0.0725874     -31.1811
   0.0825025     -31.1809
   0.0924176     -31.1806
    0.102333     -31.1801
    0.112248     -31.1796
    0.122163     -31.1789
    0.132078     -31.1782
    0.141993     -31.1774
    0.151908     -31.1791
    0.151908     -31.1791
    0.164024     -31.1861
     0.17614     -31.1956
    0.188256     -31.2044
    0.200372     -31.2123
    0.212489      -31.219
    0.224605     -31.2245
    0.236721     -31.2285
    0.248837      -31.231
    0.260953     -31.2318

           0     -31.1191
   0.0069636       -31.12
   0.0139272     -31.1228
   0.0208908     -31.1274
   0.0278544     -31.1337
    0.034818     -31.1414
   0.0417816     -31.1503
   0.0487452     -31.1601
   0.0557088     -31.1705
   0.0626724     -31.1718
   0.0626724     -31.1718
   0.0725874     -31.1719
   0.0825025     -31.1721
   0.0924176     -31.1725
    0.102333     -31.1729
    0.112248     -31.1735
    0.122163     -31.1742
    0.132078     -31.1749
    0.141993     -31.1757
    0.151908      -31.179
    0.151908      -31.179
    0.164024     -31.1693
     0.17614     -31.1591
    0.188256     -31.1495
    0.200372     -31.1408
    0.212489     -31.1332
    0.224605     -31.1271
    0.236721     -31.1226
    0.248837     -31.1199
    0.260953     -31.1191

           0      -31.119
   0.0069636     -31.1189
   0.0139272     -31.1188
   0.0208908     -31.1187
   0.0278544     -31.1249
    0.034818     -31.1325
   0.0417816     -31.1413
   0.0487452      -31.151
   0.0557088     -31.1612
   0.0626724     -31.1718
   0.0626724     -31.1718
   0.0725874     -31.1719
   0.0825025     -31.1721
   0.0924176     -31.1725
    0.102333     -31.1729
    0.112248     -31.1735
    0.122163     -31.1742
    0.132078     -31.1749
    0.141993     -31.1757
    0.151908      -31.179
    0.151908      -31.179
    0.164024     -31.1686
     0.17614     -31.1586
    0.188256     -31.1491
    0.200372     -31.1405
    0.212489     -31.1331
    0.224605      -31.127
    0.236721     -31.1226
    0.248837     -31.1199
    0.260953      -31.119

           0     -31.1186
   0.0069636     -31.1186
   0.0139272     -31.1185
   0.0208908     -31.1187
   0.0278544     -31.1184
    0.034818     -31.1182
   0.0417816     -31.1179
   0.0487452     -31.1175
   0.0557088     -31.1172
   0.0626724     -31.1168
   0.0626724     -31.1168
   0.0725874     -31.1178
   0.0825025     -31.1206
   0.0924176     -31.1252
    0.102333     -31.1315
    0.112248     -31.1393
    0.122163     -31.1484
    0.132078     -31.1583
    0.141993     -31.1688
    0.151908     -31.1764
    0.151908     -31.1764
    0.164024     -31.1685
     0.17614     -31.1576
    0.188256     -31.1481
    0.200372     -31.1398
    0.212489     -31.1326
    0.224605     -31.1268
    0.236721     -31.1223
    0.248837     -31.1196
    0.260953     -31.1186

           0     -31.1147
   0.0069636     -31.1147
   0.0139272      -31.115
   0.0208908     -31.1183
   0.0278544     -31.1181
    0.034818     -31.1179
   0.0417816     -31.1175
   0.0487452     -31.1172
   0.0557088     -31.1169
   0.0626724     -31.1168
   0.0626724     -31.1168
   0.0725874     -31.1178
   0.0825025     -31.1206
   0.0924176     -31.1252
    0.102333     -31.1315
    0.112248     -31.1393
    0.122163     -31.1484
    0.132078     -31.1583
    0.141993     -31.1688
    0.151908     -31.1764
    0.151908     -31.1764
    0.164024     -31.1681
     0.17614     -31.1575
    0.188256     -31.1474
    0.200372     -31.1381
    0.212489       -31.13
    0.224605     -31.1234
    0.236721     -31.1186
    0.248837     -31.1157
    0.260953     -31.1147

           0     -31.1145
   0.0069636     -31.1146
   0.0139272     -31.1148
   0.0208908      -31.115
   0.0278544     -31.1152
    0.034818     -31.1155
   0.0417816     -31.1158
   0.0487452     -31.1161
   0.0557088     -31.1164
   0.0626724     -31.1165
   0.0626724     -31.1165
   0.0725874     -31.1175
   0.0825025     -31.1204
   0.0924176     -31.1251
    0.102333     -31.1314
    0.112248     -31.1391
    0.122163      -31.148
    0.132078     -31.1578
    0.141993     -31.1682
    0.151908     -31.1762
    0.151908     -31.1762
    0.164024     -31.1664
     0.17614     -31.1566
    0.188256     -31.1468
    0.200372     -31.1377
    0.212489     -31.1298
    0.224605     -31.1234
    0.236721     -31.1185
    0.248837     -31.1155
    0.260953     -31.1145

           0     -31.1102
   0.0069636     -31.1111
   0.0139272     -31.1136
   0.0208908     -31.1146
   0.0278544     -31.1149
    0.034818     -31.1151
   0.0417816     -31.1155
   0.0487452     -31.1158
   0.0557088     -31.1161
   0.0626724     -31.1165
   0.0626724     -31.1165
   0.0725874     -31.1175
   0.0825025     -31.1204
   0.0924176     -31.1251
    0.102333     -31.1314
    0.112248     -31.1391
    0.122163      -31.148
    0.132078     -31.1578
    0.141993     -31.1682
    0.151908     -31.1762
    0.151908     -31.1762
    0.164024      -31.165
     0.17614     -31.1539
    0.188256     -31.1434
    0.200372      -31.134
    0.212489     -31.1258
    0.224605     -31.1191
    0.236721     -31.1142
    0.248837     -31.1112
    0.260953     -31.1102

           0     -21.4664
   0.0069636     -21.4664
   0.0139272     -21.4664
   0.0208908     -21.4663
   0.0278544     -21.4663
    0.034818     -21.4662
   0.0417816     -21.4662
   0.0487452     -21.4661
   0.0557088      -21.466
   0.0626724     -21.4659
   0.0626724     -21.4659
   0.0725874     -21.4659
   0.0825025     -21.4657
   0.0924176     -21.4655
    0.102333     -21.4652
    0.112248     -21.4649
    0.122163     -21.4645
    0.132078     -21.4642
    0.141993     -21.4639
    0.151908     -21.4638
    0.151908     -21.4638
    0.164024      -21.464
     0.17614     -21.4643
    0.188256     -21.4648
    0.200372     -21.4652
    0.212489     -21.4656
    0.224605     -21.4659
    0.236721     -21.4662
    0.248837     -21.4663
    0.260953     -21.4664

           0     -21.4655
   0.0069636     -21.4655
   0.0139272     -21.4655
   0.0208908     -21.4655
   0.0278544     -21.4656
    0.034818     -21.4656
   0.0417816     -21.4657
   0.0487452     -21.4658
   0.0557088     -21.4658
   0.0626724     -21.4659
   0.0626724     -21.4659
   0.0725874     -21.4659
   0.0825025     -21.4657
   0.0924176     -21.4655
    0.102333     -21.4652
    0.112248     -21.4649
    0.122163     -21.4645
    0.132078     -21.4642
    0.141993     -21.4639
    0.151908     -21.4638
    0.151908     -21.4638
    0.164024     -21.4639
     0.17614     -21.4641
    0.188256     -21.4644
    0.200372     -21.4647
    0.212489     -21.4649
    0.224605     -21.4652
    0.236721     -21.4653
    0.248837     -21.4654
    0.260953     -21.4655

           0     -21.4651
   0.0069636     -21.4649
   0.0139272     -21.4643
   0.0208908     -21.4633
   0.0278544     -21.4621
    0.034818     -21.4613
   0.0417816     -21.4612
   0.0487452     -21.4611
   0.0557088      -21.461
   0.0626724     -21.4609
   0.0626724     -21.4609
   0.0725874     -21.4609
   0.0825025      -21.461
   0.0924176     -21.4611
    0.102333     -21.4613
    0.112248     -21.4615
    0.122163     -21.4617
    0.132078     -21.4619
    0.141993     -21.4621
    0.151908     -21.4622
    0.151908     -21.4622
    0.164024     -21.4622
     0.17614     -21.4621
    0.188256     -21.4621
    0.200372      -21.462
    0.212489     -21.4618
    0.224605     -21.4618
    0.236721     -21.4636
    0.248837     -21.4647
    0.260953     -21.4651

           0     -21.4614
   0.0069636     -21.4614
   0.0139272     -21.4613
   0.0208908     -21.4613
   0.0278544     -21.4612
    0.034818     -21.4606
   0.0417816     -21.4607
   0.0487452     -21.4608
   0.0557088     -21.4608
   0.0626724     -21.4609
   0.0626724     -21.4609
   0.0725874     -21.4609
   0.0825025      -21.461
   0.0924176     -21.4611
    0.102333     -21.4613
    0.112248     -21.4615
    0.122163     -21.4617
    0.132078     -21.4619
    0.141993     -21.4621
    0.151908     -21.4622
    0.151908     -21.4622
    0.164024      -21.462
     0.17614     -21.4616
    0.188256     -21.4612
    0.200372     -21.4609
    0.212489     -21.4607
    0.224605     -21.4617
    0.236721     -21.4615
    0.248837     -21.4614
    0.260953     -21.4614

           0     -21.4605
   0.0069636     -21.4605
   0.0139272     -21.4605
   0.0208908     -21.4605
   0.0278544     -21.4606
    0.034818     -21.4602
   0.0417816     -21.4583
   0.0487452     -21.4562
   0.0557088     -21.4539
   0.0626724     -21.4516
   0.0626724     -21.4516
   0.0725874     -21.4515
   0.0825025     -21.4512
   0.0924176     -21.4508
    0.102333     -21.4502
    0.112248     -21.4496
    0.122163     -21.4489
    0.132078     -21.4483
    0.141993     -21.4478
    0.151908     -21.4476
    0.151908     -21.4476
    0.164024     -21.4489
     0.17614     -21.4514
    0.188256     -21.4541
    0.200372     -21.4569
    0.212489     -21.4595
    0.224605     -21.4605
    0.236721     -21.4605
    0.248837     -21.4605
    0.260953     -21.4605

           0     -21.4502
   0.0069636       -21.45
   0.0139272     -21.4497
   0.0208908     -21.4491
   0.0278544     -21.4483
    0.034818     -21.4473
   0.0417816     -21.4461
   0.0487452     -21.4469
   0.0557088     -21.4492
   0.0626724     -21.4516
   0.0626724     -21.4516
   0.0725874     -21.4515
   0.0825025     -21.4512
   0.0924176     -21.4508
    0.102333     -21.4502
    0.112248     -21.4496
    0.122163     -21.4489
    0.132078     -21.4483
    0.141993     -21.4478
    0.151908     -21.4476
    0.151908     -21.4476
    0.164024     -21.4477
     0.17614     -21.4479
    0.188256     -21.4483
    0.200372     -21.4487
    0.212489     -21.4492
    0.224605     -21.4496
    0.236721     -21.4499
    0.248837     -21.4501
    0.260953     -21.4502

           0     -21.4377
   0.0069636      -21.438
   0.0139272     -21.4386
   0.0208908     -21.4396
   0.0278544      -21.441
    0.034818     -21.4427
   0.0417816     -21.4447
   0.0487452     -21.4449
   0.0557088     -21.4435
   0.0626724     -21.4421
   0.0626724     -21.4421
   0.0725874     -21.4421
   0.0825025     -21.4422
   0.0924176     -21.4424
    0.102333     -21.4426
    0.112248     -21.4429
    0.122163     -21.4432
    0.132078     -21.4435
    0.141993     -21.4438
    0.151908      -21.444
    0.151908      -21.444
    0.164024     -21.4438
     0.17614     -21.4433
    0.188256     -21.4425
    0.200372     -21.4415
    0.212489     -21.4404
    0.224605     -21.4393
    0.236721     -21.4385
    0.248837     -21.4379
    0.260953     -21.4377

           0     -21.4353
   0.0069636     -21.4353
   0.0139272     -21.4352
   0.0208908     -21.4351
   0.0278544     -21.4359
    0.034818     -21.4369
   0.0417816      -21.438
   0.0487452     -21.4393
   0.0557088     -21.4407
   0.0626724     -21.4421
   0.0626724     -21.4421
   0.0725874     -21.4421
   0.0825025     -21.4422
   0.0924176     -21.4424
    0.102333     -21.4426
    0.112248     -21.4429
    0.122163     -21.4432
    0.132078     -21.4435
    0.141993     -21.4438
    0.151908      -21.444
    0.151908      -21.444
    0.164024     -21.4428
     0.17614      -21.441
    0.188256     -21.4392
    0.200372     -21.4377
    0.212489     -21.4364
    0.224605     -21.4358
    0.236721     -21.4356
    0.248837     -21.4354
    0.260953     -21.4353

           0      -21.434
   0.0069636     -21.4341
   0.0139272     -21.4345
   0.0208908     -21.4351
   0.0278544     -21.4349
    0.034818     -21.4347
   0.0417816     -21.4344
   0.0487452     -21.4342
   0.0557088     -21.4339
   0.0626724     -21.4336
   0.0626724     -21.4336
   0.0725874     -21.4337
   0.0825025     -21.4338
   0.0924176     -21.4341
    0.102333     -21.4344
    0.112248     -21.4348
    0.122163     -21.4352
    0.132078     -21.4355
    0.141993     -21.4357
    0.151908     -21.4357
    0.151908     -21.4357
    0.164024     -21.4359
     0.17614     -21.4362
    0.188256     -21.4363
    0.200372     -21.4362
    0.212489     -21.4361
    0.224605     -21.4353
    0.236721     -21.4346
    0.248837     -21.4341
    0.260953      -21.434

           0      -21.432
   0.0069636      -21.432
   0.0139272     -21.4321
   0.0208908     -21.4322
   0.0278544     -21.4324
    0.034818     -21.4325
   0.0417816     -21.4328
   0.0487452      -21.433
   0.0557088     -21.4333
   0.0626724     -21.4336
   0.0626724     -21.4336
   0.0725874     -21.4337
   0.0825025     -21.4338
   0.0924176     -21.4341
    0.102333     -21.4344
    0.112248     -21.4348
    0.122163     -21.4352
    0.132078     -21.4355
    0.141993     -21.4357
    0.151908     -21.4357
    0.151908     -21.4357
    0.164024     -21.4356
     0.17614     -21.4353
    0.188256     -21.4348
    0.200372     -21.4341
    0.212489     -21.4334
    0.224605     -21.4327
    0.236721     -21.4323
    0.248837     -21.4321
    0.260953      -21.432

           0     -21.4295
   0.0069636     -21.4295
   0.0139272     -21.4294
   0.0208908     -21.4293
   0.0278544     -21.4291
    0.034818     -21.4289
   0.0417816     -21.4287
   0.0487452     -21.4285
   0.0557088     -21.4282
   0.0626724     -21.4279
   0.0626724     -21.4279
   0.0725874      -21.428
   0.0825025     -21.4284
   0.0924176      -21.429
    0.102333     -21.4297
    0.112248     -21.4304
    0.122163     -21.4311
    0.132078     -21.4317
    0.141993     -21.4321
    0.151908     -21.4323
    0.151908     -21.4323
    0.164024     -21.4322
     0.17614      -21.432
    0.188256     -21.4317
    0.200372     -21.4314
    0.212489      -21.431
    0.224605     -21.4306
    0.236721     -21.4301
    0.248837     -21.4297
    0.260953     -21.4295

           0     -21.4263
   0.0069636     -21.4263
   0.0139272     -21.4264
   0.0208908     -21.4265
   0.0278544     -21.4267
    0.034818     -21.4269
   0.0417816     -21.4271
   0.0487452     -21.4274
   0.0557088     -21.4276
   0.0626724     -21.4279
   0.0626724     -21.4279
   0.0725874      -21.428
   0.0825025     -21.4284
   0.0924176      -21.429
    0.102333     -21.4297
    0.112248     -21.4304
    0.122163     -21.4311
    0.132078     -21.4317
    0.141993     -21.4321
    0.151908     -21.4323
    0.151908     -21.4323
    0.164024     -21.4319
     0.17614      -21.431
    0.188256     -21.4299
    0.200372     -21.4289
    0.212489     -21.4279
    0.224605     -21.4272
    0.236721     -21.4267
    0.248837     -21.4264
    0.260953     -21.4263

           0     -17.1588
   0.0069636     -17.1554
   0.0139272     -17.1456
   0.0208908     -17.1301
   0.0278544     -17.1102
    0.034818     -17.0873
   0.0417816     -17.0631
   0.0487452     -17.0389
   0.0557088     -17.0155
   0.0626724      -16.994
   0.0626724      -16.994
   0.0725874     -16.9857
   0.0825025      -16.961
   0.0924176     -16.9204
    0.102333      -16.865
    0.112248     -16.7963
    0.122163     -16.7163
    0.132078     -16.6281
    0.141993     -16.5354
    0.151908     -16.4466
    0.151908     -16.4466
    0.164024       -16.57
     0.17614     -16.6912
    0.188256     -16.8042
    0.200372     -16.9059
    0.212489     -16.9933
    0.224605     -17.0641
    0.236721     -17.1162
    0.248837     -17.1481
    0.260953     -17.1588

           0     -16.9013
   0.0069636     -16.9024
   0.0139272     -16.9059
   0.0208908     -16.9116
   0.0278544     -16.9196
    0.034818     -16.9299
   0.0417816     -16.9425
   0.0487452     -16.9574
   0.0557088     -16.9746
   0.0626724      -16.994
   0.0626724      -16.994
   0.0725874     -16.9857
   0.0825025      -16.961
   0.0924176     -16.9204
    0.102333      -16.865
    0.112248     -16.7963
    0.122163     -16.7163
    0.132078     -16.6281
    0.141993     -16.5354
    0.151908     -16.4466
    0.151908     -16.4466
    0.164024     -16.5085
     0.17614     -16.5858
    0.188256     -16.6623
    0.200372     -16.7317
    0.212489     -16.7911
    0.224605     -16.8386
    0.236721     -16.8733
    0.248837     -16.8943
    0.260953     -16.9013

           0     -16.6981
   0.0069636     -16.6912
   0.0139272     -16.6706
   0.0208908     -16.6367
   0.0278544     -16.6155
    0.034818      -16.613
   0.0417816     -16.6102
   0.0487452     -16.6071
   0.0557088     -16.6037
   0.0626724     -16.6002
   0.0626724     -16.6002
   0.0725874      -16.594
   0.0825025     -16.5755
   0.0924176     -16.5449
    0.102333     -16.5032
    0.112248     -16.4512
    0.122163     -16.3907
    0.132078     -16.3296
    0.141993     -16.3658
    0.151908     -16.4424
    0.151908     -16.4424
    0.164024     -16.4236
     0.17614      -16.453
    0.188256     -16.5033
    0.200372      -16.556
    0.212489     -16.6041
    0.224605      -16.644
    0.236721     -16.6737
    0.248837      -16.692
    0.260953     -16.6981

           0     -16.6201
   0.0069636     -16.6198
   0.0139272      -16.619
   0.0208908     -16.6175
   0.0278544     -16.5902
    0.034818     -16.5873
   0.0417816     -16.5903
   0.0487452     -16.5934
   0.0557088     -16.5968
   0.0626724     -16.6002
   0.0626724     -16.6002
   0.0725874      -16.594
   0.0825025     -16.5755
   0.0924176     -16.5449
    0.102333     -16.5032
    0.112248     -16.4512
    0.122163     -16.3907
    0.132078     -16.3296
    0.141993     -16.3658
    0.151908     -16.4424
    0.151908     -16.4424
    0.164024     -16.3235
     0.17614     -16.3264
    0.188256     -16.3983
    0.200372     -16.4625
    0.212489     -16.5173
    0.224605     -16.5615
    0.236721     -16.5938
    0.248837     -16.6135
    0.260953     -16.6201

           0     -16.5938
   0.0069636     -16.5896
   0.0139272     -16.5813
   0.0208908     -16.5828
   0.0278544     -16.5848
    0.034818     -16.5323
   0.0417816     -16.4643
   0.0487452     -16.3878
   0.0557088     -16.3146
   0.0626724     -16.2428
   0.0626724     -16.2428
   0.0725874     -16.2427
   0.0825025     -16.2427
   0.0924176     -16.2437
    0.102333     -16.2472
    0.112248     -16.2555
    0.122163      -16.272
    0.132078     -16.2972
    0.141993      -16.244
    0.151908     -16.1846
    0.151908     -16.1846
    0.164024     -16.2494
     0.17614     -16.3225
    0.188256     -16.3873
    0.200372     -16.4471
    0.212489     -16.4982
    0.224605     -16.5392
    0.236721     -16.5693
    0.248837     -16.5876
    0.260953     -16.5938

           0     -16.5801
   0.0069636     -16.5804
   0.0139272     -16.5773
   0.0208908     -16.5562
   0.0278544     -16.5262
    0.034818     -16.4868
   0.0417816      -16.438
   0.0487452     -16.3803
   0.0557088     -16.3046
   0.0626724     -16.2428
   0.0626724     -16.2428
   0.0725874     -16.2427
   0.0825025     -16.2427
   0.0924176     -16.2437
    0.102333     -16.2472
    0.112248     -16.2555
    0.122163      -16.272
    0.132078     -16.2972
    0.141993      -16.244
    0.151908     -16.1846
    0.151908     -16.1846
    0.164024     -16.2436
     0.17614     -16.3148
    0.188256     -16.3805
    0.200372     -16.4389
    0.212489     -16.4884
    0.224605     -16.5279
    0.236721     -16.5567
    0.248837     -16.5742
    0.260953     -16.5801

           0     -15.7625
   0.0069636       -15.77
   0.0139272     -15.7929
   0.0208908     -15.8309
   0.0278544     -15.8823
    0.034818     -15.9446
   0.0417816      -16.015
   0.0487452     -16.0901
   0.0557088     -16.1671
   0.0626724     -16.2171
   0.0626724     -16.2171
   0.0725874     -16.2171
   0.0825025     -16.2171
   0.0924176     -16.2163
    0.102333     -16.2142
    0.112248     -16.2102
    0.122163     -16.2041
    0.132078     -16.1957
    0.141993     -16.1846
    0.151908     -16.1657
    0.151908     -16.1657
    0.164024      -16.233
     0.17614     -16.1819
    0.188256     -16.0656
    0.200372     -15.9567
    0.212489     -15.8764
    0.224605     -15.8273
    0.236721     -15.7917
    0.248837     -15.7698
    0.260953     -15.7625

           0     -15.7013
   0.0069636     -15.7018
   0.0139272     -15.7091
   0.0208908     -15.7503
   0.0278544     -15.8069
    0.034818     -15.8758
   0.0417816     -15.9542
   0.0487452     -16.0392
   0.0557088     -16.1277
   0.0626724     -16.2171
   0.0626724     -16.2171
   0.0725874     -16.2171
   0.0825025     -16.2171
   0.0924176     -16.2163
    0.102333     -16.2142
    0.112248     -16.2102
    0.122163     -16.2041
    0.132078     -16.1957
    0.141993     -16.1846
    0.151908     -16.1657
    0.151908     -16.1657
    0.164024      -16.159
     0.17614     -16.1015
    0.188256      -16.022
    0.200372     -15.9421
    0.212489     -15.8612
    0.224605     -15.7906
    0.236721     -15.7421
    0.248837     -15.7116
    0.260953     -15.7013

           0     -15.6886
   0.0069636     -15.6906
   0.0139272     -15.7025
   0.0208908     -15.7025
   0.0278544     -15.7017
    0.034818     -15.7003
   0.0417816     -15.6984
   0.0487452     -15.6962
   0.0557088     -15.6936
   0.0626724     -15.6911
   0.0626724     -15.6911
   0.0725874     -15.7016
   0.0825025     -15.7324
   0.0924176     -15.7815
    0.102333     -15.8462
    0.112248     -15.9216
    0.122163      -16.001
    0.132078     -16.0733
    0.141993     -16.1257
    0.151908     -16.1587
    0.151908     -16.1587
    0.164024     -16.1152
     0.17614     -16.0532
    0.188256     -15.9866
    0.200372     -15.9204
    0.212489      -15.853
    0.224605     -15.7827
    0.236721     -15.7253
    0.248837     -15.6967
    0.260953     -15.6886

           0     -15.6769
   0.0069636     -15.6771
   0.0139272     -15.6826
   0.0208908     -15.6831
   0.0278544     -15.6824
    0.034818      -15.682
   0.0417816      -15.684
   0.0487452     -15.6863
   0.0557088     -15.6886
   0.0626724     -15.6911
   0.0626724     -15.6911
   0.0725874     -15.7016
   0.0825025     -15.7324
   0.0924176     -15.7815
    0.102333     -15.8462
    0.112248     -15.9216
    0.122163      -16.001
    0.132078     -16.0733
    0.141993     -16.1257
    0.151908     -16.1587
    0.151908     -16.1587
    0.164024     -16.0851
     0.17614     -16.0084
    0.188256     -15.9345
    0.200372      -15.866
    0.212489     -15.8057
    0.224605     -15.7558
    0.236721     -15.7178
    0.248837     -15.6881
    0.260953     -15.6769

           0     -15.6686
   0.0069636     -15.6753
   0.0139272     -15.6778
   0.0208908     -15.6788
   0.0278544     -15.6802
    0.034818     -15.6811
   0.0417816     -15.6796
   0.0487452     -15.6779
   0.0557088      -15.676
   0.0626724      -15.674
   0.0626724      -15.674
   0.0725874      -15.682
   0.0825025     -15.7057
   0.0924176     -15.7439
    0.102333      -15.795
    0.112248     -15.8571
    0.122163     -15.9275
    0.132078     -16.0037
    0.141993     -16.0827
    0.151908     -16.1436
    0.151908     -16.1436
    0.164024     -16.0815
     0.17614     -16.0027
    0.188256     -15.9264
    0.200372     -15.8555
    0.212489     -15.7929
    0.224605     -15.7411
    0.236721     -15.7022
    0.248837     -15.6775
    0.260953     -15.6686

           0     -15.6628
   0.0069636     -15.6629
   0.0139272     -15.6634
   0.0208908     -15.6643
   0.0278544     -15.6653
    0.034818     -15.6667
   0.0417816     -15.6683
   0.0487452     -15.6702
   0.0557088      -15.672
   0.0626724      -15.674
   0.0626724      -15.674
   0.0725874      -15.682
   0.0825025     -15.7057
   0.0924176     -15.7439
    0.102333      -15.795
    0.112248     -15.8571
    0.122163     -15.9275
    0.132078     -16.0037
    0.141993     -16.0827
    0.151908     -16.1436
    0.151908     -16.1436
    0.164024     -16.0803
     0.17614     -15.9993
    0.188256     -15.9212
    0.200372     -15.8491
    0.212489     -15.7859
    0.224605     -15.7338
    0.236721     -15.6949
    0.248837     -15.6709
    0.260953     -15.6628

           0     -5.15695
   0.0069636     -5.15665
   0.0139272     -5.15575
   0.0208908     -5.15445
   0.0278544     -5.15255
    0.034818     -5.15025
   0.0417816     -5.14765
   0.0487452     -5.14475
   0.0557088     -5.14175
   0.0626724     -5.13865
   0.0626724     -5.13865
   0.0725874     -5.11735
   0.0825025     -5.05385
   0.0924176     -4.94975
    0.102333     -4.80755
    0.112248     -4.63075
    0.122163     -4.42395
    0.132078     -4.19325
    0.141993     -3.94805
    0.151908     -3.77745
    0.151908     -3.77745
    0.164024     -3.95935
     0.17614     -4.20415
    0.188256     -4.43775
    0.200372     -4.64645
    0.212489     -4.82455
    0.224605     -4.96745
    0.236721     -5.07185
    0.248837     -5.13555
    0.260953     -5.15695

           0     -5.12115
   0.0069636     -5.12135
   0.0139272     -5.12215
   0.0208908     -5.12345
   0.0278544     -5.12515
    0.034818     -5.12735
   0.0417816     -5.12985
   0.0487452     -5.13255
   0.0557088     -5.13555
   0.0626724     -5.13865
   0.0626724     -5.13865
   0.0725874     -5.11735
   0.0825025     -5.05385
   0.0924176     -4.94975
    0.102333     -4.80755
    0.112248     -4.63075
    0.122163     -4.42395
    0.132078     -4.19325
    0.141993     -3.94805
    0.151908     -3.77745
    0.151908     -3.77745
    0.164024     -3.94735
     0.17614     -4.18415
    0.188256     -4.40835
    0.200372     -4.61305
    0.212489     -4.78905
    0.224605     -4.93135
    0.236721     -5.03585
    0.248837     -5.09965
    0.260953     -5.12115

           0     -5.10745
   0.0069636     -5.09315
   0.0139272     -5.05205
   0.0208908     -4.98995
   0.0278544     -4.91625
    0.034818     -4.84285
   0.0417816     -4.78035
   0.0487452     -4.73335
   0.0557088     -4.70105
   0.0626724     -4.68015
   0.0626724     -4.68015
   0.0725874     -4.66185
   0.0825025     -4.60835
   0.0924176     -4.52365
    0.102333     -4.41375
    0.112248     -4.28545
    0.122163     -4.14435
    0.132078     -3.99545
    0.141993     -3.84835
    0.151908     -3.72315
    0.151908     -3.72315
    0.164024     -3.94365
     0.17614     -4.18175
    0.188256     -4.40525
    0.200372     -4.60585
    0.212489     -4.77905
    0.224605     -4.91955
    0.236721     -5.02285
    0.248837     -5.08615
    0.260953     -5.10745

           0     -4.95745
   0.0069636     -4.93725
   0.0139272     -4.87745
   0.0208908     -4.77955
   0.0278544     -4.65255
    0.034818     -4.65315
   0.0417816     -4.65515
   0.0487452     -4.65935
   0.0557088     -4.66705
   0.0626724     -4.68015
   0.0626724     -4.68015
   0.0725874     -4.66185
   0.0825025     -4.60835
   0.0924176     -4.52365
    0.102333     -4.41375
    0.112248     -4.28545
    0.122163     -4.14435
    0.132078     -3.99545
    0.141993     -3.84835
    0.151908     -3.72315
    0.151908     -3.72315
    0.164024     -3.88855
     0.17614     -4.08685
    0.188256     -4.28815
    0.200372     -4.47665
    0.212489     -4.64175
    0.224605     -4.77645
    0.236721     -4.87595
    0.248837     -4.93695
    0.260953     -4.95745

           0     -4.65355
   0.0069636     -4.65345
   0.0139272     -4.65305
   0.0208908     -4.65265
   0.0278544     -4.64635
    0.034818     -4.48175
   0.0417816     -4.43845
   0.0487452     -4.42245
   0.0557088     -4.40555
   0.0626724     -4.38825
   0.0626724     -4.38825
   0.0725874     -4.37265
   0.0825025     -4.32545
   0.0924176     -4.24585
    0.102333     -4.13355
    0.112248     -3.99205
    0.122163     -3.83775
    0.132078     -3.71935
    0.141993     -3.68105
    0.151908     -3.67045
    0.151908     -3.67045
    0.164024     -3.79245
     0.17614     -3.95795
    0.188256     -4.11695
    0.200372     -4.26195
    0.212489     -4.38975
    0.224605     -4.49755
    0.236721     -4.58125
    0.248837     -4.63505
    0.260953     -4.65355

           0     -4.48975
   0.0069636     -4.48815
   0.0139272     -4.48355
   0.0208908     -4.47585
   0.0278544     -4.46555
    0.034818     -4.45295
   0.0417816     -4.34085
   0.0487452     -4.35515
   0.0557088     -4.37125
   0.0626724     -4.38825
   0.0626724     -4.38825
   0.0725874     -4.37265
   0.0825025     -4.32545
   0.0924176     -4.24585
    0.102333     -4.13355
    0.112248     -3.99205
    0.122163     -3.83775
    0.132078     -3.71935
    0.141993     -3.68105
    0.151908     -3.67045
    0.151908     -3.67045
    0.164024     -3.75445
     0.17614     -3.88475
    0.188256     -3.99775
    0.200372     -4.09225
    0.212489     -4.17425
    0.224605     -4.31475
    0.236721     -4.41335
    0.248837     -4.47095
    0.260953     -4.48975

           0     -4.32115
   0.0069636     -4.32025
   0.0139272     -4.31835
   0.0208908     -4.31795
   0.0278544     -4.32145
    0.034818     -4.32935
   0.0417816     -4.29065
   0.0487452     -4.07915
   0.0557088     -3.85675
   0.0626724     -3.71255
   0.0626724     -3.71255
   0.0725874     -3.71155
   0.0825025     -3.70855
   0.0924176     -3.70395
    0.102333     -3.69815
    0.112248     -3.69175
    0.122163     -3.68485
    0.132078     -3.67415
    0.141993     -3.64715
    0.151908     -3.62705
    0.151908     -3.62705
    0.164024     -3.53795
     0.17614     -3.57465
    0.188256     -3.78495
    0.200372     -3.99465
    0.212489     -4.16875
    0.224605     -4.22875
    0.236721     -4.27525
    0.248837     -4.30855
    0.260953     -4.32115

           0     -4.26955
   0.0069636     -4.26205
   0.0139272     -4.23955
   0.0208908     -4.20225
   0.0278544     -4.15035
    0.034818     -4.08425
   0.0417816     -4.00445
   0.0487452     -3.91185
   0.0557088     -3.80825
   0.0626724     -3.71255
   0.0626724     -3.71255
   0.0725874     -3.71155
   0.0825025     -3.70855
   0.0924176     -3.70395
    0.102333     -3.69815
    0.112248     -3.69175
    0.122163     -3.68485
    0.132078     -3.67415
    0.141993     -3.64715
    0.151908     -3.62705
    0.151908     -3.62705
    0.164024     -3.50525
     0.17614     -3.56805
    0.188256     -3.74515
    0.200372     -3.90695
    0.212489     -4.04195
    0.224605     -4.14695
    0.236721     -4.21925
    0.248837     -4.25795
    0.260953     -4.26955

           0     -4.24785
   0.0069636     -4.24055
   0.0139272     -4.21865
   0.0208908     -4.18205
   0.0278544     -4.13115
    0.034818     -4.06595
   0.0417816     -3.98695
   0.0487452     -3.89455
   0.0557088     -3.78935
   0.0626724     -3.67225
   0.0626724     -3.67225
   0.0725874     -3.66465
   0.0825025     -3.64205
   0.0924176     -3.60605
    0.102333     -3.56995
    0.112248     -3.54615
    0.122163     -3.50625
    0.132078     -3.42505
    0.141993     -3.48815
    0.151908     -3.60865
    0.151908     -3.60865
    0.164024     -3.49535
     0.17614     -3.51475
    0.188256     -3.70675
    0.200372     -3.87205
    0.212489     -4.00745
    0.224605     -4.11265
    0.236721     -4.18785
    0.248837     -4.23285
    0.260953     -4.24785

           0     -4.20635
   0.0069636     -4.20255
   0.0139272     -4.18865
   0.0208908     -4.15805
   0.0278544     -4.10095
    0.034818     -4.00785
   0.0417816     -3.87265
   0.0487452     -3.69595
   0.0557088     -3.54455
   0.0626724     -3.67225
   0.0626724     -3.67225
   0.0725874     -3.66465
   0.0825025     -3.64205
   0.0924176     -3.60605
    0.102333     -3.56995
    0.112248     -3.54615
    0.122163     -3.50625
    0.132078     -3.42505
    0.141993     -3.48815
    0.151908     -3.60865
    0.151908     -3.60865
    0.164024     -3.47025
     0.17614     -3.41575
    0.188256     -3.54755
    0.200372     -3.73795
    0.212489     -3.90305
    0.224605     -4.03505
    0.236721     -4.13035
    0.248837     -4.18745
    0.260953     -4.20635

           0     -2.56435
   0.0069636     -2.56575
   0.0139272     -2.67435
   0.0208908     -2.81185
   0.0278544     -2.96165
    0.034818     -3.11485
   0.0417816     -3.26585
   0.0487452     -3.41075
   0.0557088     -3.54405
   0.0626724     -3.58265
   0.0626724     -3.58265
   0.0725874     -3.58145
   0.0825025     -3.57735
   0.0924176     -3.56845
    0.102333     -3.54005
    0.112248     -3.47665
    0.122163     -3.39655
    0.132078     -3.32975
    0.141993     -3.43155
    0.151908     -3.60615
    0.151908     -3.60615
    0.164024     -3.43535
     0.17614     -3.37345
    0.188256     -3.33345
    0.200372     -3.23925
    0.212489     -3.12495
    0.224605     -2.98795
    0.236721     -2.83065
    0.248837     -2.66525
    0.260953     -2.56435

           0     -2.51945
   0.0069636     -2.56315
   0.0139272     -2.66495
   0.0208908     -2.80395
   0.0278544     -2.95505
    0.034818     -3.10905
   0.0417816     -3.26055
   0.0487452     -3.40635
   0.0557088     -3.48445
   0.0626724     -3.58265
   0.0626724     -3.58265
   0.0725874     -3.58145
   0.0825025     -3.57735
   0.0924176     -3.56845
    0.102333     -3.54005
    0.112248     -3.47665
    0.122163     -3.39655
    0.132078     -3.32975
    0.141993     -3.43155
    0.151908     -3.60615
    0.151908     -3.60615
    0.164024     -3.42925
     0.17614     -3.28535
    0.188256     -3.18295
    0.200372     -3.05825
    0.212489     -2.92675
    0.224605     -2.79305
    0.236721     -2.66605
    0.248837     -2.56365
    0.260953     -2.51945

           0     -2.50665
   0.0069636     -2.55505
   0.0139272     -2.56015
   0.0208908     -2.55705
   0.0278544     -2.62485
    0.034818     -2.77165
   0.0417816     -2.94895
   0.0487452     -3.15185
   0.0557088     -3.37195
   0.0626724     -3.25065
   0.0626724     -3.25065
   0.0725874     -3.24865
   0.0825025     -3.24235
   0.0924176     -3.23185
    0.102333     -3.21775
    0.112248     -3.20595
    0.122163     -3.22605
    0.132078     -3.29665
    0.141993     -3.22305
    0.151908     -3.10625
    0.151908     -3.10625
    0.164024     -3.26785
     0.17614     -3.27605
    0.188256     -3.13285
    0.200372     -3.01315
    0.212489     -2.89815
    0.224605     -2.77845
    0.236721     -2.65805
    0.248837     -2.55345
    0.260953     -2.50665

           0     -2.49195
   0.0069636     -2.48915
   0.0139272     -2.48095
   0.0208908     -2.51095
   0.0278544     -2.55795
    0.034818     -2.57325
   0.0417816     -2.63315
   0.0487452     -2.78555
   0.0557088     -3.00875
   0.0626724     -3.25065
   0.0626724     -3.25065
   0.0725874     -3.24865
   0.0825025     -3.24235
   0.0924176     -3.23185
    0.102333     -3.21775
    0.112248     -3.20595
    0.122163     -3.22605
    0.132078     -3.29665
    0.141993     -3.22305
    0.151908     -3.10625
    0.151908     -3.10625
    0.164024     -3.23775
     0.17614     -3.18585
    0.188256     -3.03295
    0.200372     -2.88495
    0.212489     -2.78455
    0.224605     -2.68565
    0.236721     -2.59295
    0.248837     -2.52235
    0.260953     -2.49195

           0     -2.42055
   0.0069636     -2.41185
   0.0139272     -2.42985
   0.0208908     -2.46785
   0.0278544     -2.45155
    0.034818     -2.43315
   0.0417816     -2.41425
   0.0487452     -2.39925
   0.0557088     -2.39915
   0.0626724     -2.39645
   0.0626724     -2.39645
   0.0725874     -2.43605
   0.0825025     -2.53155
   0.0924176     -2.65715
    0.102333     -2.79505
    0.112248     -2.93055
    0.122163     -3.03985
    0.132078     -3.17365
    0.141993     -3.16335
    0.151908     -3.04085
    0.151908     -3.04085
    0.164024     -3.21485
     0.17614     -3.16175
    0.188256     -2.98075
    0.200372     -2.86595
    0.212489     -2.71575
    0.224605     -2.58055
    0.236721     -2.47925
    0.248837     -2.42735
    0.260953     -2.42055

           0     -2.36575
   0.0069636     -2.38175
   0.0139272     -2.40385
   0.0208908     -2.40035
   0.0278544     -2.39895
    0.034818     -2.39865
   0.0417816     -2.39885
   0.0487452     -2.39625
   0.0557088     -2.38595
   0.0626724     -2.39645
   0.0626724     -2.39645
   0.0725874     -2.43605
   0.0825025     -2.53155
   0.0924176     -2.65715
    0.102333     -2.79505
    0.112248     -2.93055
    0.122163     -3.03985
    0.132078     -3.17365
    0.141993     -3.16335
    0.151908     -3.04085
    0.151908     -3.04085
    0.164024     -3.05785
     0.17614     -3.11935
    0.188256     -2.93805
    0.200372     -2.75745
    0.212489     -2.60735
    0.224605     -2.49525
    0.236721     -2.42275
    0.248837     -2.38105
    0.260953     -2.36575

           0     -2.35375
   0.0069636     -2.34595
   0.0139272     -2.33705
   0.0208908     -2.33325
   0.0278544     -2.33305
    0.034818     -2.33525
   0.0417816     -2.33955
   0.0487452     -2.35075
   0.0557088     -2.38005
   0.0626724     -2.36625
   0.0626724     -2.36625
   0.0725874     -2.38085
   0.0825025     -2.43355
   0.0924176     -2.52225
    0.102333     -2.64095
    0.112248     -2.78365
    0.122163     -2.93415
    0.132078     -2.97835
    0.141993     -2.91065
    0.151908     -3.00965
    0.151908     -3.00965
    0.164024     -3.01255
     0.17614     -3.00745
    0.188256     -2.91705
    0.200372     -2.73845
    0.212489     -2.57625
    0.224605     -2.45915
    0.236721     -2.38815
    0.248837     -2.35795
    0.260953     -2.35375

           0     -2.24375
   0.0069636     -2.23405
   0.0139272     -2.20885
   0.0208908     -2.17315
   0.0278544     -2.12745
    0.034818     -2.07065
   0.0417816     -2.24865
   0.0487452     -2.34615
   0.0557088     -2.35495
   0.0626724     -2.36625
   0.0626724     -2.36625
   0.0725874     -2.38085
   0.0825025     -2.43355
   0.0924176     -2.52225
    0.102333     -2.64095
    0.112248     -2.78365
    0.122163     -2.93415
    0.132078     -2.97835
    0.141993     -2.91065
    0.151908     -3.00965
    0.151908     -3.00965
    0.164024     -2.92655
     0.17614     -2.83435
    0.188256     -2.69315
    0.200372     -2.52885
    0.212489     -2.36355
    0.224605     -2.21475
    0.236721     -2.09965
    0.248837     -2.13275
    0.260953     -2.24375

           0     -1.98345
   0.0069636     -1.97965
   0.0139272     -1.96855
   0.0208908     -1.95035
   0.0278544     -1.93595
    0.034818     -2.07055
   0.0417816     -2.00215
   0.0487452     -1.92105
   0.0557088     -1.82665
   0.0626724     -1.71815
   0.0626724     -1.71815
   0.0725874     -1.77425
   0.0825025     -1.87755
   0.0924176     -2.00905
    0.102333     -2.16345
    0.112248     -2.33105
    0.122163     -2.50115
    0.132078     -2.66455
    0.141993     -2.84575
    0.151908     -2.90585
    0.151908     -2.90585
    0.164024     -2.92445
     0.17614     -2.81965
    0.188256     -2.63345
    0.200372     -2.41855
    0.212489     -2.22355
    0.224605     -2.07305
    0.236721     -1.97495
    0.248837     -2.00435
    0.260953     -1.98345

           0     -1.90905
   0.0069636     -1.90535
   0.0139272     -1.89425
   0.0208908     -1.87485
   0.0278544     -1.84625
    0.034818     -1.86635
   0.0417816     -1.82045
   0.0487452     -1.76025
   0.0557088     -1.68885
   0.0626724     -1.71815
   0.0626724     -1.71815
   0.0725874     -1.77425
   0.0825025     -1.87755
   0.0924176     -2.00905
    0.102333     -2.16345
    0.112248     -2.33105
    0.122163     -2.50115
    0.132078     -2.66455
    0.141993     -2.84575
    0.151908     -2.90585
    0.151908     -2.90585
    0.164024     -2.73385
     0.17614     -2.55785
    0.188256     -2.33925
    0.200372     -2.10765
    0.212489     -1.88845
    0.224605     -1.72875
    0.236721     -1.90565
    0.248837     -1.92395
    0.260953     -1.90905

           0     -1.69285
   0.0069636     -1.65865
   0.0139272     -1.57635
   0.0208908     -1.66675
   0.0278544     -1.83645
    0.034818     -1.80735
   0.0417816     -1.75715
   0.0487452     -1.69505
   0.0557088     -1.62365
   0.0626724     -1.60775
   0.0626724     -1.60775
   0.0725874     -1.57735
   0.0825025     -1.68265
   0.0924176     -1.82835
    0.102333     -2.00985
    0.112248     -2.22015
    0.122163     -2.44285
    0.132078     -2.65655
    0.141993     -2.80995
    0.151908     -2.75435
    0.151908     -2.75435
    0.164024     -2.72815
     0.17614     -2.44285
    0.188256     -2.14285
    0.200372     -1.84695
    0.212489     -1.57565
    0.224605     -1.64245
    0.236721     -1.54045
    0.248837     -1.64725
    0.260953     -1.69285

           0     -1.54795
   0.0069636     -1.51395
   0.0139272     -1.52395
   0.0208908     -1.48395
   0.0278544     -1.40905
    0.034818     -1.35915
   0.0417816     -1.35675
   0.0487452     -1.45295
   0.0557088     -1.58995
   0.0626724     -1.60775
   0.0626724     -1.60775
   0.0725874     -1.57735
   0.0825025     -1.68265
   0.0924176     -1.82835
    0.102333     -2.00985
    0.112248     -2.22015
    0.122163     -2.44285
    0.132078     -2.65655
    0.141993     -2.80995
    0.151908     -2.75435
    0.151908     -2.75435
    0.164024     -2.71895
     0.17614     -2.43485
    0.188256     -2.12565
    0.200372     -1.81525
    0.212489     -1.51915
    0.224605     -1.41445
    0.236721     -1.53215
    0.248837     -1.51545
    0.260953     -1.54795

           0     -1.40125
   0.0069636     -1.43255
   0.0139272     -1.42395
   0.0208908     -1.30085
   0.0278544     -1.16375
    0.034818     -1.20615
   0.0417816     -1.29835
   0.0487452     -1.42975
   0.0557088     -1.51975
   0.0626724     -1.53365
   0.0626724     -1.53365
   0.0725874     -1.54645
   0.0825025     -1.44045
   0.0924176     -1.34245
    0.102333     -1.42355
    0.112248     -1.68085
    0.122163     -1.96805
    0.132078     -2.25775
    0.141993     -2.53035
    0.151908     -2.75345
    0.151908     -2.75345
    0.164024     -2.53935
     0.17614     -2.24465
    0.188256     -1.93955
    0.200372     -1.64865
    0.212489     -1.49125
    0.224605     -1.28295
    0.236721     -1.39805
    0.248837     -1.42815
    0.260953     -1.40125

           0     -1.28185
   0.0069636     -1.27305
   0.0139272     -1.24395
   0.0208908     -1.18625
   0.0278544     -1.13095
    0.034818     -1.13295
   0.0417816     -1.25365
   0.0487452     -1.33395
   0.0557088     -1.43785
   0.0626724     -1.53365
   0.0626724     -1.53365
   0.0725874     -1.54645
   0.0825025     -1.44045
   0.0924176     -1.34245
    0.102333     -1.42355
    0.112248     -1.68085
    0.122163     -1.96805
    0.132078     -2.25775
    0.141993     -2.53035
    0.151908     -2.75345
    0.151908     -2.75345
    0.164024     -2.47435
     0.17614     -2.17975
    0.188256     -1.87805
    0.200372     -1.57615
    0.212489     -1.29565
    0.224605     -1.27585
    0.236721     -1.17385
    0.248837     -1.25015
    0.260953     -1.28185

           0    -0.972047
   0.0069636    -0.981747
   0.0139272     -1.01145
   0.0208908     -1.06115
   0.0278544     -1.09135
    0.034818     -1.11685
   0.0417816     -1.22515
   0.0487452     -1.23215
   0.0557088     -1.19235
   0.0626724     -1.14895
   0.0626724     -1.14895
   0.0725874     -1.11155
   0.0825025     -1.03305
   0.0924176     -1.07985
    0.102333     -1.12315
    0.112248     -1.02715
    0.122163    -0.929147
    0.132078    -0.855347
    0.141993    -0.814747
    0.151908    -0.801147
    0.151908    -0.801147
    0.164024    -0.827747
     0.17614    -0.896547
    0.188256     -1.02205
    0.200372     -1.19495
    0.212489     -1.28335
    0.224605     -1.25135
    0.236721     -1.11325
    0.248837     -1.01185
    0.260953    -0.972047

           0    -0.874647
   0.0069636    -0.879247
   0.0139272    -0.892847
   0.0208908    -0.914847
   0.0278544     -1.00775
    0.034818     -1.01955
   0.0417816     -1.01805
   0.0487452     -1.06045
   0.0557088     -1.10455
   0.0626724     -1.14895
   0.0626724     -1.14895
   0.0725874     -1.11155
   0.0825025     -1.03305
   0.0924176     -1.07985
    0.102333     -1.12315
    0.112248     -1.02715
    0.122163    -0.929147
    0.132078    -0.855347
    0.141993    -0.814747
    0.151908    -0.801147
    0.151908    -0.801147
    0.164024    -0.824547
     0.17614    -0.874147
    0.188256    -0.930247
    0.200372     -1.03885
    0.212489     -1.18605
    0.224605     -1.03885
    0.236721     -1.04045
    0.248837    -0.910647
    0.260953    -0.874647

           0    -0.780247
   0.0069636    -0.795647
   0.0139272    -0.841547
   0.0208908    -0.914647
   0.0278544    -0.965047
    0.034818    -0.978647
   0.0417816    -0.885447
   0.0487452    -0.760547
   0.0557088    -0.659447
   0.0626724    -0.658347
   0.0626724    -0.658347
   0.0725874    -0.725747
   0.0825025    -0.873647
   0.0924176    -0.925247
    0.102333    -0.864947
    0.112248    -0.844047
    0.122163    -0.824847
    0.132078    -0.784447
    0.141993    -0.726247
    0.151908    -0.684747
    0.151908    -0.684747
    0.164024    -0.734547
     0.17614    -0.810147
    0.188256    -0.878747
    0.200372    -0.957347
    0.212489     -1.06955
    0.224605     -1.01765
    0.236721    -0.831447
    0.248837    -0.790047
    0.260953    -0.780247

           0    -0.634047
   0.0069636    -0.635147
   0.0139272    -0.674347
   0.0208908    -0.806847
   0.0278544    -0.943747
    0.034818    -0.973447
   0.0417816    -0.844747
   0.0487452    -0.719147
   0.0557088    -0.657347
   0.0626724    -0.658347
   0.0626724    -0.658347
   0.0725874    -0.725747
   0.0825025    -0.873647
   0.0924176    -0.925247
    0.102333    -0.864947
    0.112248    -0.844047
    0.122163    -0.824847
    0.132078    -0.784447
    0.141993    -0.726247
    0.151908    -0.684747
    0.151908    -0.684747
    0.164024    -0.730147
     0.17614    -0.803447
    0.188256    -0.878447
    0.200372    -0.904747
    0.212489    -0.891547
    0.224605     -1.00255
    0.236721    -0.782947
    0.248837    -0.684547
    0.260953    -0.634047

           0    -0.566847
   0.0069636    -0.587247
   0.0139272    -0.638147
   0.0208908    -0.642047
   0.0278544    -0.645947
    0.034818    -0.649647
   0.0417816    -0.652847
   0.0487452    -0.655447
   0.0557088    -0.652247
   0.0626724    -0.584247
   0.0626724    -0.584247
   0.0725874    -0.600547
   0.0825025    -0.656447
   0.0924176    -0.713447
    0.102333    -0.730647
    0.112248    -0.684947
    0.122163    -0.623247
    0.132078    -0.589347
    0.141993    -0.610047
    0.151908    -0.640147
    0.151908    -0.640147
    0.164024    -0.633847
     0.17614    -0.681547
    0.188256    -0.765447
    0.200372    -0.824347
    0.212489    -0.872047
    0.224605    -0.794047
    0.236721    -0.779547
    0.248837    -0.618047
    0.260953    -0.566847

           0    -0.558947
   0.0069636    -0.565647
   0.0139272    -0.582847
   0.0208908    -0.604147
   0.0278544    -0.623347
    0.034818    -0.637747
   0.0417816    -0.647047
   0.0487452    -0.651047
   0.0557088    -0.594447
   0.0626724    -0.584247
   0.0626724    -0.584247
   0.0725874    -0.600547
   0.0825025    -0.656447
   0.0924176    -0.713447
    0.102333    -0.730647
    0.112248    -0.684947
    0.122163    -0.623247
    0.132078    -0.589347
    0.141993    -0.610047
    0.151908    -0.640147
    0.151908    -0.640147
    0.164024    -0.609747
     0.17614    -0.634447
    0.188256    -0.686347
    0.200372    -0.752947
    0.212489    -0.813847
    0.224605    -0.783647
    0.236721    -0.687547
    0.248837    -0.596347
    0.260953    -0.558947

           0    -0.540347
   0.0069636    -0.553047
   0.0139272    -0.557447
   0.0208908    -0.558747
   0.0278544    -0.559847
    0.034818    -0.561047
   0.0417816    -0.562547
   0.0487452    -0.564647
   0.0557088    -0.568747
   0.0626724    -0.516547
   0.0626724    -0.516547
   0.0725874    -0.514047
   0.0825025    -0.502647
   0.0924176    -0.498047
    0.102333    -0.500847
    0.112248    -0.509647
    0.122163    -0.522247
    0.132078    -0.524847
    0.141993    -0.522947
    0.151908    -0.527747
    0.151908    -0.527747
    0.164024    -0.519047
     0.17614    -0.557547
    0.188256    -0.627847
    0.200372    -0.716147
    0.212489    -0.713247
    0.224605    -0.698347
    0.236721    -0.624547
    0.248837    -0.569847
    0.260953    -0.540347

           0    -0.506247
   0.0069636    -0.512347
   0.0139272    -0.525647
   0.0208908    -0.538047
   0.0278544    -0.546647
    0.034818    -0.551747
   0.0417816    -0.553947
   0.0487452    -0.553647
   0.0557088    -0.548147
   0.0626724    -0.516547
   0.0626724    -0.516547
   0.0725874    -0.514047
   0.0825025    -0.502647
   0.0924176    -0.498047
    0.102333    -0.500847
    0.112248    -0.509647
    0.122163    -0.522247
    0.132078    -0.524847
    0.141993    -0.522947
    0.151908    -0.527747
    0.151908    -0.527747
    0.164024    -0.516247
     0.17614    -0.531747
    0.188256    -0.613647
    0.200372    -0.663747
    0.212489    -0.701047
    0.224605    -0.676847
    0.236721    -0.622147
    0.248837    -0.542347
    0.260953    -0.506247

           0    -0.250947
   0.0069636    -0.251947
   0.0139272    -0.255347
   0.0208908    -0.262547
   0.0278544    -0.275847
    0.034818    -0.298747
   0.0417816    -0.334147
   0.0487452    -0.383947
   0.0557088    -0.447847
   0.0626724    -0.489147
   0.0626724    -0.489147
   0.0725874    -0.476147
   0.0825025    -0.464147
   0.0924176    -0.460247
    0.102333    -0.462447
    0.112248    -0.469847
    0.122163    -0.482047
    0.132078    -0.494247
    0.141993    -0.474947
    0.151908    -0.443047
    0.151908    -0.443047
    0.164024    -0.482547
     0.17614    -0.458247
    0.188256    -0.389047
    0.200372    -0.331547
    0.212489    -0.289947
    0.224605    -0.263447
    0.236721    -0.250547
    0.248837    -0.248947
    0.260953    -0.250947

           0    -0.238147
   0.0069636    -0.233447
   0.0139272    -0.222247
   0.0208908    -0.209947
   0.0278544    -0.199647
    0.034818    -0.201947
   0.0417816    -0.252947
   0.0487452    -0.317447
   0.0557088    -0.396147
   0.0626724    -0.489147
   0.0626724    -0.489147
   0.0725874    -0.476147
   0.0825025    -0.464147
   0.0924176    -0.460247
    0.102333    -0.462447
    0.112248    -0.469847
    0.122163    -0.482047
    0.132078    -0.494247
    0.141993    -0.474947
    0.151908    -0.443047
    0.151908    -0.443047
    0.164024    -0.468647
     0.17614    -0.442847
    0.188256    -0.371447
    0.200372    -0.306947
    0.212489    -0.260047
    0.224605    -0.233647
    0.236721    -0.226147
    0.248837    -0.232147
    0.260953    -0.238147

           0    -0.177947
   0.0069636    -0.175447
   0.0139272    -0.171047
   0.0208908    -0.169247
   0.0278544    -0.170647
    0.034818    -0.191947
   0.0417816    -0.186847
   0.0487452    -0.183647
   0.0557088    -0.181847
   0.0626724    -0.180847
   0.0626724    -0.180847
   0.0725874    -0.183647
   0.0825025    -0.192747
   0.0924176    -0.209847
    0.102333    -0.235747
    0.112248    -0.269847
    0.122163    -0.309347
    0.132078    -0.350647
    0.141993    -0.390847
    0.151908    -0.422547
    0.151908    -0.422547
    0.164024    -0.404047
     0.17614    -0.363747
    0.188256    -0.311647
    0.200372    -0.257747
    0.212489    -0.212147
    0.224605    -0.182547
    0.236721    -0.171547
    0.248837    -0.174247
    0.260953    -0.177947

           0    -0.102447
   0.0069636    -0.105947
   0.0139272    -0.116547
   0.0208908    -0.135247
   0.0278544    -0.163247
    0.034818    -0.173747
   0.0417816    -0.176747
   0.0487452    -0.178747
   0.0557088    -0.179947
   0.0626724    -0.180847
   0.0626724    -0.180847
   0.0725874    -0.183647
   0.0825025    -0.192747
   0.0924176    -0.209847
    0.102333    -0.235747
    0.112248    -0.269847
    0.122163    -0.309347
    0.132078    -0.350647
    0.141993    -0.390847
    0.151908    -0.422547
    0.151908    -0.422547
    0.164024    -0.375047
     0.17614    -0.319447
    0.188256    -0.266647
    0.200372    -0.217747
    0.212489    -0.173747
    0.224605    -0.138147
    0.236721    -0.115247
    0.248837    -0.104847
    0.260953    -0.102447

           0      1.69185
   0.0069636      1.71595
   0.0139272      1.74865
   0.0208908      1.76685
   0.0278544      1.77355
    0.034818      1.77655
   0.0417816      1.77825
   0.0487452      1.77945
   0.0557088      1.78045
   0.0626724      1.78135
   0.0626724      1.78135
   0.0725874      1.82625
   0.0825025      1.95145
   0.0924176      2.13515
    0.102333      2.35605
    0.112248      2.59745
    0.122163      2.84765
    0.132078      3.09575
    0.141993      3.32535
    0.151908      3.50925
    0.151908      3.50925
    0.164024      3.25985
     0.17614      3.00485
    0.188256      2.75415
    0.200372      2.51035
    0.212489      2.27615
    0.224605      2.05775
    0.236721      1.87055
    0.248837      1.73965
    0.260953      1.69185

           0      1.69955
   0.0069636      1.71605
   0.0139272      1.78135
   0.0208908      1.78185
   0.0278544      1.78235
    0.034818      1.78265
   0.0417816      1.78275
   0.0487452      1.78245
   0.0557088      1.78205
   0.0626724      1.78135
   0.0626724      1.78135
   0.0725874      1.82625
   0.0825025      1.95145
   0.0924176      2.13515
    0.102333      2.35605
    0.112248      2.59745
    0.122163      2.84765
    0.132078      3.09575
    0.141993      3.32535
    0.151908      3.50925
    0.151908      3.50925
    0.164024      3.35295
     0.17614      3.11045
    0.188256      2.84985
    0.200372      2.58485
    0.212489      2.32665
    0.224605      2.08825
    0.236721      1.88765
    0.248837      1.74955
    0.260953      1.69955

           0      1.78085
   0.0069636      1.78105
   0.0139272      1.78585
   0.0208908      1.89505
   0.0278544      2.03505
    0.034818      2.19755
   0.0417816      2.37485
   0.0487452      2.56015
   0.0557088      2.74745
   0.0626724      2.93125
   0.0626724      2.93125
   0.0725874      2.93745
   0.0825025      2.95685
   0.0924176      2.99135
    0.102333      3.04345
    0.112248      3.11505
    0.122163      3.20815
    0.132078      3.32495
    0.141993      3.47135
    0.151908      3.51855
    0.151908      3.51855
    0.164024      3.40215
     0.17614      3.14235
    0.188256      2.87315
    0.200372      2.60585
    0.212489      2.35365
    0.224605      2.12935
    0.236721      1.94725
    0.248837      1.82475
    0.260953      1.78085

           0      1.81245
   0.0069636      1.81995
   0.0139272      1.85695
   0.0208908      1.94785
   0.0278544      2.08205
    0.034818      2.24375
   0.0417816      2.42305
   0.0487452      2.61295
   0.0557088      2.80725
   0.0626724      2.93125
   0.0626724      2.93125
   0.0725874      2.93745
   0.0825025      2.95685
   0.0924176      2.99135
    0.102333      3.04345
    0.112248      3.11505
    0.122163      3.20815
    0.132078      3.32495
    0.141993      3.47135
    0.151908      3.51855
    0.151908      3.51855
    0.164024      3.41155
     0.17614      3.14485
    0.188256      2.88125
    0.200372      2.62615
    0.212489      2.38345
    0.224605      2.16305
    0.236721      1.98065
    0.248837      1.85685
    0.260953      1.81245

           0      3.74745
   0.0069636      3.75185
   0.0139272      3.74355
   0.0208908      3.69745
   0.0278544      3.62725
    0.034818      3.53135
   0.0417816      3.41055
   0.0487452      3.26755
   0.0557088      3.10625
   0.0626724      3.00105
   0.0626724      3.00105
   0.0725874      3.00985
   0.0825025      3.03635
   0.0924176      3.08115
    0.102333      3.14395
    0.112248      3.22375
    0.122163      3.31845
    0.132078      3.42505
    0.141993      3.53935
    0.151908      3.61135
    0.151908      3.61135
    0.164024      3.56715
     0.17614      3.57555
    0.188256      3.60855
    0.200372      3.65335
    0.212489      3.69815
    0.224605      3.73485
    0.236721      3.75955
    0.248837      3.75475
    0.260953      3.74745

           0      3.77675
   0.0069636      3.76885
   0.0139272      3.76525
   0.0208908      3.78775
   0.0278544      3.80655
    0.034818      3.68055
   0.0417816      3.53315
   0.0487452      3.36825
   0.0557088      3.18945
   0.0626724      3.00105
   0.0626724      3.00105
   0.0725874      3.00985
   0.0825025      3.03635
   0.0924176      3.08115
    0.102333      3.14395
    0.112248      3.22375
    0.122163      3.31845
    0.132078      3.42505
    0.141993      3.53935
    0.151908      3.61135
    0.151908      3.61135
    0.164024      3.59445
     0.17614      3.65955
    0.188256      3.69935
    0.200372      3.73775
    0.212489      3.76595
    0.224605      3.77645
    0.236721      3.76935
    0.248837      3.77275
    0.260953      3.77675

           0      4.04275
   0.0069636      4.02765
   0.0139272      3.98235
   0.0208908      3.90805
   0.0278544      3.81925
    0.034818      3.85985
   0.0417816      3.90875
   0.0487452      3.96505
   0.0557088      4.02655
   0.0626724      4.09035
   0.0626724      4.09035
   0.0725874      4.10325
   0.0825025      4.13055
   0.0924176      4.14665
    0.102333      4.13115
    0.112248      4.08015
    0.122163      3.98215
    0.132078      3.83655
    0.141993      3.68325
    0.151908      3.65455
    0.151908      3.65455
    0.164024      3.63385
     0.17614      3.66125
    0.188256      3.74215
    0.200372      3.82865
    0.212489      3.90945
    0.224605      3.96455
    0.236721      4.00685
    0.248837      4.03365
    0.260953      4.04275

           0      4.06895
   0.0069636      4.07385
   0.0139272      4.08835
   0.0208908      4.11275
   0.0278544      4.14715
    0.034818      4.19145
   0.0417816      4.24535
   0.0487452      4.20875
   0.0557088      4.15245
   0.0626724      4.09035
   0.0626724      4.09035
   0.0725874      4.10325
   0.0825025      4.13055
   0.0924176      4.14665
    0.102333      4.13115
    0.112248      4.08015
    0.122163      3.98215
    0.132078      3.83655
    0.141993      3.68325
    0.151908      3.65455
    0.151908      3.65455
    0.164024      3.71515
     0.17614      3.74705
    0.188256      3.79495
    0.200372      3.85195
    0.212489      3.91095
    0.224605      3.97725
    0.236721      4.02775
    0.248837      4.05865
    0.260953      4.06895

           0      4.36275
   0.0069636      4.36055
   0.0139272      4.35365
   0.0208908      4.34105
   0.0278544      4.32165
    0.034818      4.29385
   0.0417816      4.25635
   0.0487452      4.30775
   0.0557088      4.37675
   0.0626724      4.44925
   0.0626724      4.44925
   0.0725874      4.43535
   0.0825025      4.39395
   0.0924176      4.32545
    0.102333      4.23175
    0.112248      4.11615
    0.122163      4.00095
    0.132078      3.90095
    0.141993      3.79055
    0.151908      3.70375
    0.151908      3.70375
    0.164024      3.77155
     0.17614      4.01175
    0.188256      4.23025
    0.200372      4.39265
    0.212489      4.46445
    0.224605      4.47115
    0.236721      4.43115
    0.248837      4.38325
    0.260953      4.36275

           0      4.49335
   0.0069636      4.50975
   0.0139272      4.55225
   0.0208908      4.60285
   0.0278544      4.64055
    0.034818      4.65055
   0.0417816      4.62955
   0.0487452      4.58325
   0.0557088      4.52025
   0.0626724      4.44925
   0.0626724      4.44925
   0.0725874      4.43535
   0.0825025      4.39395
   0.0924176      4.32545
    0.102333      4.23175
    0.112248      4.11615
    0.122163      4.00095
    0.132078      3.90095
    0.141993      3.79055
    0.151908      3.70375
    0.151908      3.70375
    0.164024      3.88435
     0.17614      4.08645
    0.188256      4.26155
    0.200372      4.41105
    0.212489      4.53325
    0.224605      4.57505
    0.236721      4.55225
    0.248837      4.51175
    0.260953      4.49335

           0      4.64385
   0.0069636      4.64415
   0.0139272      4.64515
   0.0208908      4.64715
   0.0278544      4.65035
    0.034818      4.65535
   0.0417816      4.66295
   0.0487452      4.67415
   0.0557088      4.69035
   0.0626724      4.71325
   0.0626724      4.71325
   0.0725874      4.70795
   0.0825025      4.69025
   0.0924176      4.65205
    0.102333      4.57925
    0.112248      4.46215
    0.122163      4.30315
    0.132078      4.11185
    0.141993      3.90075
    0.151908      3.71755
    0.151908      3.71755
    0.164024      3.91855
     0.17614      4.14275
    0.188256      4.33095
    0.200372      4.47815
    0.212489      4.57585
    0.224605      4.62935
    0.236721      4.64705
    0.248837      4.64615
    0.260953      4.64385

           0      5.06975
   0.0069636      5.06095
   0.0139272      5.03525
   0.0208908      4.99525
   0.0278544      4.94485
    0.034818      4.88925
   0.0417816      4.83435
   0.0487452      4.78505
   0.0557088      4.74445
   0.0626724      4.71325
   0.0626724      4.71325
   0.0725874      4.70795
   0.0825025      4.69025
   0.0924176      4.65205
    0.102333      4.57925
    0.112248      4.46215
    0.122163      4.30315
    0.132078      4.11185
    0.141993      3.90075
    0.151908      3.71755
    0.151908      3.71755
    0.164024      3.92435
     0.17614      4.15155
    0.188256      4.36925
    0.200372      4.56655
    0.212489      4.73815
    0.224605      4.87875
    0.236721      4.98335
    0.248837      5.04795
    0.260953      5.06975

           0      5.33915
   0.0069636      5.35405
   0.0139272      5.39655
   0.0208908      5.46175
   0.0278544      5.54085
    0.034818      5.62985
   0.0417816      5.73225
   0.0487452      5.85225
   0.0557088      5.91215
   0.0626724      5.91345
   0.0626724      5.91355
   0.0725874      5.92275
   0.0825025      5.96025
   0.0924176      6.05005
    0.102333      6.21555
    0.112248      6.46095
    0.122163      6.77095
    0.132078      7.11145
    0.141993      7.41625
    0.151908      7.50265
    0.151908      7.50225
    0.164024      7.33195
     0.17614      7.00365
    0.188256      6.65005
    0.200372      6.31395
    0.212489      5.99265
    0.224605      5.72265
    0.236721      5.51285
    0.248837      5.38325
    0.260953      5.33945

           0      5.82675
   0.0069636      5.83565
   0.0139272      5.85865
   0.0208908      5.91465
   0.0278544      5.91275
    0.034818      5.91135
   0.0417816      5.91155
   0.0487452      5.91155
   0.0557088      5.91635
   0.0626724      5.91375
   0.0626724      5.91405
   0.0725874      5.92285
   0.0825025      5.96045
   0.0924176      6.05015
    0.102333      6.21755
    0.112248      6.46155
    0.122163      6.77625
    0.132078      7.17585
    0.141993      7.43185
    0.151908      7.53095
    0.151908      7.52355
    0.164024      7.40335
     0.17614      7.06405
    0.188256      6.69075
    0.200372      6.34765
    0.212489      6.09955
    0.224605      5.93525
    0.236721      5.85805
    0.248837      5.83185
    0.260953      5.82855

           0      5.91715
   0.0069636      5.92275
   0.0139272      5.91565
   0.0208908      5.91885
   0.0278544      5.92585
    0.034818      5.92315
   0.0417816      5.92065
   0.0487452      5.91885
   0.0557088      5.99045
   0.0626724      6.14045
   0.0626724      6.14045
   0.0725874      6.17035
   0.0825025      6.25785
   0.0924176      6.39675
    0.102333      6.57795
    0.112248      6.78975
    0.122163      7.02005
    0.132078      7.25985
    0.141993      7.45955
    0.151908      7.62725
    0.151908      7.56035
    0.164024      7.47385
     0.17614      7.10505
    0.188256      6.76815
    0.200372      6.44955
    0.212489      6.20725
    0.224605      6.04365
    0.236721      5.95925
    0.248837      5.92525
    0.260953      5.91795

           0      5.93005
   0.0069636      5.93885
   0.0139272      5.93125
   0.0208908      5.92785
   0.0278544      6.02865
    0.034818      6.19785
   0.0417816      6.42305
   0.0487452      6.52195
   0.0557088      6.31175
   0.0626724      6.14155
   0.0626724      6.14085
   0.0725874      6.17065
   0.0825025      6.25845
   0.0924176      6.39995
    0.102333      6.58225
    0.112248      6.84515
    0.122163      7.06495
    0.132078      7.44915
    0.141993      7.64275
    0.151908      7.91265
    0.151908      7.75985
    0.164024      7.53935
     0.17614      7.22515
    0.188256      6.99205
    0.200372      6.49815
    0.212489      6.24565
    0.224605      6.07685
    0.236721      5.97925
    0.248837      5.93965
    0.260953      5.93415



