0.000000 -31.834500
0.000000 -31.811481
0.000000 -31.788461
0.000000 -31.765442
0.000000 -31.742423
0.000000 -31.719403
0.000000 -31.696384
0.000000 -31.673364
0.000000 -31.650345
0.000000 -31.627326
0.000000 -31.604306
0.000000 -31.581287
0.000000 -31.558268
0.000000 -31.535248
0.000000 -31.512229
0.000000 -31.489210
0.000000 -31.466190
0.000000 -31.443171
0.000000 -31.420152
0.000000 -31.397132
0.000000 -31.374113
0.000000 -31.351093
0.000000 -31.328074
0.000000 -31.305055
0.000000 -31.282035
0.000000 -31.259016
0.000000 -31.235997
0.000000 -31.212977
0.000000 -31.189958
0.000000 -31.166939
0.000000 -31.143919
0.000000 -31.120900
0.000000 -31.097880
0.000000 -31.074861
0.000000 -31.051842
0.000000 -31.028822
0.000000 -31.005803
0.000000 -30.982784
0.000000 -30.959764
0.000000 -30.936745
0.000000 -30.913726
0.000000 -30.890706
0.000000 -30.867687
0.000000 -30.844668
0.000000 -30.821648
0.000000 -30.798629
0.000000 -30.775609
0.000000 -30.752590
0.000000 -30.729571
0.000000 -30.706551
0.000000 -30.683532
0.000000 -30.660513
0.000000 -30.637493
0.000000 -30.614474
0.000000 -30.591455
0.000000 -30.568435
0.000000 -30.545416
0.000000 -30.522396
0.000000 -30.499377
0.000000 -30.476358
0.000000 -30.453338
0.000000 -30.430319
0.000000 -30.407300
0.000000 -30.384280
0.000000 -30.361261
0.000000 -30.338242
0.000000 -30.315222
0.000000 -30.292203
0.000000 -30.269184
0.000000 -30.246164
0.000000 -30.223145
0.000000 -30.200125
0.000000 -30.177106
0.000000 -30.154087
0.000000 -30.131067
0.000000 -30.108048
0.000001 -30.085029
0.000003 -30.062009
0.000006 -30.038990
0.000012 -30.015971
0.000026 -29.992951
0.000050 -29.969932
0.000093 -29.946913
0.000165 -29.923893
0.000278 -29.900874
0.000447 -29.877854
0.000686 -29.854835
0.001002 -29.831816
0.001395 -29.808796
0.001852 -29.785777
0.002344 -29.762758
0.002830 -29.739738
0.003259 -29.716719
0.003581 -29.693700
0.003753 -29.670680
0.003753 -29.647661
0.003580 -29.624641
0.003258 -29.601622
0.002829 -29.578603
0.002343 -29.555583
0.001851 -29.532564
0.001394 -29.509545
0.001001 -29.486525
0.000685 -29.463506
0.000447 -29.440487
0.000278 -29.417467
0.000165 -29.394448
0.000093 -29.371429
0.000050 -29.348409
0.000025 -29.325390
0.000012 -29.302370
0.000006 -29.279351
0.000003 -29.256332
0.000001 -29.233312
0.000000 -29.210293
0.000000 -29.187274
0.000000 -29.164254
0.000000 -29.141235
0.000000 -29.118216
0.000000 -29.095196
0.000000 -29.072177
0.000000 -29.049157
0.000000 -29.026138
0.000000 -29.003119
0.000000 -28.980099
0.000000 -28.957080
0.000000 -28.934061
0.000000 -28.911041
0.000000 -28.888022
0.000000 -28.865003
0.000000 -28.841983
0.000000 -28.818964
0.000000 -28.795945
0.000000 -28.772925
0.000000 -28.749906
0.000000 -28.726886
0.000000 -28.703867
0.000000 -28.680848
0.000000 -28.657828
0.000000 -28.634809
0.000000 -28.611790
0.000000 -28.588770
0.000000 -28.565751
0.000000 -28.542732
0.000000 -28.519712
0.000000 -28.496693
0.000000 -28.473673
0.000000 -28.450654
0.000000 -28.427635
0.000000 -28.404615
0.000000 -28.381596
0.000000 -28.358577
0.000000 -28.335557
0.000000 -28.312538
0.000000 -28.289519
0.000000 -28.266499
0.000000 -28.243480
0.000000 -28.220461
0.000000 -28.197441
0.000000 -28.174422
0.000000 -28.151402
0.000000 -28.128383
0.000000 -28.105364
0.000000 -28.082344
0.000000 -28.059325
0.000000 -28.036306
0.000000 -28.013286
0.000000 -27.990267
0.000000 -27.967248
0.000000 -27.944228
0.000000 -27.921209
0.000000 -27.898189
0.000000 -27.875170
0.000000 -27.852151
0.000000 -27.829131
0.000000 -27.806112
0.000000 -27.783093
0.000000 -27.760073
0.000000 -27.737054
0.000000 -27.714035
0.000000 -27.691015
0.000000 -27.667996
0.000000 -27.644977
0.000000 -27.621957
0.000000 -27.598938
0.000000 -27.575918
0.000000 -27.552899
0.000000 -27.529880
0.000000 -27.506860
0.000000 -27.483841
0.000000 -27.460822
0.000000 -27.437802
0.000000 -27.414783
0.000000 -27.391764
0.000000 -27.368744
0.000000 -27.345725
0.000000 -27.322706
0.000000 -27.299686
0.000000 -27.276667
0.000000 -27.253647
0.000000 -27.230628
0.000000 -27.207609
0.000000 -27.184589
0.000000 -27.161570
0.000000 -27.138551
0.000000 -27.115531
0.000000 -27.092512
0.000000 -27.069493
0.000000 -27.046473
0.000000 -27.023454
0.000000 -27.000434
0.000000 -26.977415
0.000000 -26.954396
0.000000 -26.931376
0.000000 -26.908357
0.000000 -26.885338
0.000000 -26.862318
0.000000 -26.839299
0.000000 -26.816280
0.000000 -26.793260
0.000000 -26.770241
0.000000 -26.747222
0.000000 -26.724202
0.000000 -26.701183
0.000000 -26.678163
0.000000 -26.655144
0.000000 -26.632125
0.000000 -26.609105
0.000000 -26.586086
0.000000 -26.563067
0.000000 -26.540047
0.000000 -26.517028
0.000000 -26.494009
0.000000 -26.470989
0.000000 -26.447970
0.000000 -26.424950
0.000000 -26.401931
0.000000 -26.378912
0.000000 -26.355892
0.000000 -26.332873
0.000000 -26.309854
0.000000 -26.286834
0.000000 -26.263815
0.000000 -26.240796
0.000000 -26.217776
0.000000 -26.194757
0.000000 -26.171738
0.000000 -26.148718
0.000000 -26.125699
0.000000 -26.102679
0.000000 -26.079660
0.000000 -26.056641
0.000000 -26.033621
0.000000 -26.010602
0.000000 -25.987583
0.000000 -25.964563
0.000000 -25.941544
0.000000 -25.918525
0.000000 -25.895505
0.000000 -25.872486
0.000000 -25.849466
0.000000 -25.826447
0.000000 -25.803428
0.000000 -25.780408
0.000000 -25.757389
0.000000 -25.734370
0.000000 -25.711350
0.000000 -25.688331
0.000000 -25.665312
0.000000 -25.642292
0.000000 -25.619273
0.000000 -25.596254
0.000000 -25.573234
0.000000 -25.550215
0.000000 -25.527195
0.000000 -25.504176
0.000000 -25.481157
0.000000 -25.458137
0.000000 -25.435118
0.000000 -25.412099
0.000000 -25.389079
0.000000 -25.366060
0.000000 -25.343041
0.000000 -25.320021
0.000000 -25.297002
0.000000 -25.273982
0.000000 -25.250963
0.000000 -25.227944
0.000000 -25.204924
0.000000 -25.181905
0.000000 -25.158886
0.000000 -25.135866
0.000000 -25.112847
0.000000 -25.089828
0.000000 -25.066808
0.000000 -25.043789
0.000000 -25.020770
0.000000 -24.997750
0.000000 -24.974731
0.000000 -24.951711
0.000000 -24.928692
0.000000 -24.905673
0.000000 -24.882653
0.000000 -24.859634
0.000000 -24.836615
0.000000 -24.813595
0.000000 -24.790576
0.000000 -24.767557
0.000000 -24.744537
0.000000 -24.721518
0.000000 -24.698498
0.000000 -24.675479
0.000000 -24.652460
0.000000 -24.629440
0.000000 -24.606421
0.000000 -24.583402
0.000000 -24.560382
0.000000 -24.537363
0.000000 -24.514344
0.000000 -24.491324
0.000000 -24.468305
0.000000 -24.445286
0.000000 -24.422266
0.000000 -24.399247
0.000000 -24.376227
0.000000 -24.353208
0.000000 -24.330189
0.000000 -24.307169
0.000000 -24.284150
0.000000 -24.261131
0.000000 -24.238111
0.000000 -24.215092
0.000000 -24.192073
0.000000 -24.169053
0.000000 -24.146034
0.000000 -24.123015
0.000000 -24.099995
0.000000 -24.076976
0.000000 -24.053956
0.000000 -24.030937
0.000000 -24.007918
0.000000 -23.984898
0.000000 -23.961879
0.000000 -23.938860
0.000000 -23.915840
0.000000 -23.892821
0.000000 -23.869802
0.000000 -23.846782
0.000000 -23.823763
0.000000 -23.800743
0.000000 -23.777724
0.000000 -23.754705
0.000000 -23.731685
0.000000 -23.708666
0.000000 -23.685647
0.000000 -23.662627
0.000000 -23.639608
0.000000 -23.616589
0.000000 -23.593569
0.000000 -23.570550
0.000000 -23.547531
0.000000 -23.524511
0.000000 -23.501492
0.000000 -23.478472
0.000000 -23.455453
0.000000 -23.432434
0.000000 -23.409414
0.000000 -23.386395
0.000000 -23.363376
0.000000 -23.340356
0.000000 -23.317337
0.000000 -23.294318
0.000000 -23.271298
0.000000 -23.248279
0.000000 -23.225259
0.000000 -23.202240
0.000000 -23.179221
0.000000 -23.156201
0.000000 -23.133182
0.000000 -23.110163
0.000000 -23.087143
0.000000 -23.064124
0.000000 -23.041105
0.000000 -23.018085
0.000000 -22.995066
0.000000 -22.972047
0.000000 -22.949027
0.000000 -22.926008
0.000000 -22.902988
0.000000 -22.879969
0.000000 -22.856950
0.000000 -22.833930
0.000000 -22.810911
0.000000 -22.787892
0.000000 -22.764872
0.000000 -22.741853
0.000000 -22.718834
0.000000 -22.695814
0.000000 -22.672795
0.000000 -22.649775
0.000000 -22.626756
0.000000 -22.603737
0.000000 -22.580717
0.000000 -22.557698
0.000000 -22.534679
0.000000 -22.511659
0.000000 -22.488640
0.000000 -22.465621
0.000000 -22.442601
0.000000 -22.419582
0.000000 -22.396563
0.000000 -22.373543
0.000000 -22.350524
0.000000 -22.327504
0.000000 -22.304485
0.000000 -22.281466
0.000000 -22.258446
0.000000 -22.235427
0.000000 -22.212408
0.000000 -22.189388
0.000000 -22.166369
0.000000 -22.143350
0.000000 -22.120330
0.000000 -22.097311
0.000000 -22.074291
0.000000 -22.051272
0.000000 -22.028253
0.000000 -22.005233
0.000000 -21.982214
0.000000 -21.959195
0.000000 -21.936175
0.000000 -21.913156
0.000000 -21.890137
0.000000 -21.867117
0.000000 -21.844098
0.000000 -21.821079
0.000000 -21.798059
0.000000 -21.775040
0.000000 -21.752020
0.000000 -21.729001
0.000000 -21.705982
0.000000 -21.682962
0.000000 -21.659943
0.000000 -21.636924
0.000000 -21.613904
0.000000 -21.590885
0.000000 -21.567866
0.000000 -21.544846
0.000000 -21.521827
0.000000 -21.498808
0.000000 -21.475788
0.000000 -21.452769
0.000000 -21.429749
0.000000 -21.406730
0.000000 -21.383711
0.000000 -21.360691
0.000000 -21.337672
0.000000 -21.314653
0.000000 -21.291633
0.000000 -21.268614
0.000000 -21.245595
0.000000 -21.222575
0.000000 -21.199556
0.000000 -21.176536
0.000000 -21.153517
0.000000 -21.130498
0.000000 -21.107478
0.000000 -21.084459
0.000000 -21.061440
0.000000 -21.038420
0.000000 -21.015401
0.000000 -20.992382
0.000000 -20.969362
0.000000 -20.946343
0.000000 -20.923324
0.000000 -20.900304
0.000000 -20.877285
0.000000 -20.854265
0.000000 -20.831246
0.000000 -20.808227
0.000000 -20.785207
0.000000 -20.762188
0.000000 -20.739169
0.000000 -20.716149
0.000000 -20.693130
0.000000 -20.670111
0.000000 -20.647091
0.000000 -20.624072
0.000000 -20.601052
0.000000 -20.578033
0.000000 -20.555014
0.000000 -20.531994
0.000000 -20.508975
0.000000 -20.485956
0.000000 -20.462936
0.000000 -20.439917
0.000000 -20.416898
0.000000 -20.393878
0.000000 -20.370859
0.000000 -20.347840
0.000000 -20.324820
0.000001 -20.301801
0.000002 -20.278781
0.000006 -20.255762
0.000015 -20.232743
0.000034 -20.209723
0.000074 -20.186704
0.000154 -20.163685
0.000302 -20.140665
0.000566 -20.117646
0.001006 -20.094627
0.001700 -20.071607
0.002732 -20.048588
0.004174 -20.025568
0.006065 -20.002549
0.008379 -19.979530
0.011007 -19.956510
0.013750 -19.933491
0.016335 -19.910472
0.018453 -19.887452
0.019825 -19.864433
0.020254 -19.841414
0.019679 -19.818394
0.018184 -19.795375
0.015979 -19.772356
0.013353 -19.749336
0.010612 -19.726317
0.008021 -19.703297
0.005765 -19.680278
0.003940 -19.657259
0.002561 -19.634239
0.001583 -19.611220
0.000930 -19.588201
0.000520 -19.565181
0.000276 -19.542162
0.000140 -19.519143
0.000067 -19.496123
0.000031 -19.473104
0.000013 -19.450084
0.000005 -19.427065
0.000002 -19.404046
0.000001 -19.381026
0.000000 -19.358007
0.000000 -19.334988
0.000000 -19.311968
0.000000 -19.288949
0.000000 -19.265930
0.000000 -19.242910
0.000000 -19.219891
0.000000 -19.196872
0.000000 -19.173852
0.000000 -19.150833
0.000000 -19.127813
0.000000 -19.104794
0.000000 -19.081775
0.000000 -19.058755
0.000000 -19.035736
0.000000 -19.012717
0.000000 -18.989697
0.000000 -18.966678
0.000000 -18.943659
0.000000 -18.920639
0.000000 -18.897620
0.000000 -18.874601
0.000000 -18.851581
0.000000 -18.828562
0.000000 -18.805542
0.000000 -18.782523
0.000000 -18.759504
0.000000 -18.736484
0.000000 -18.713465
0.000000 -18.690446
0.000000 -18.667426
0.000000 -18.644407
0.000000 -18.621388
0.000000 -18.598368
0.000000 -18.575349
0.000000 -18.552329
0.000000 -18.529310
0.000000 -18.506291
0.000000 -18.483271
0.000000 -18.460252
0.000000 -18.437233
0.000000 -18.414213
0.000000 -18.391194
0.000000 -18.368175
0.000000 -18.345155
0.000000 -18.322136
0.000000 -18.299117
0.000000 -18.276097
0.000000 -18.253078
0.000000 -18.230058
0.000000 -18.207039
0.000000 -18.184020
0.000000 -18.161000
0.000000 -18.137981
0.000000 -18.114962
0.000000 -18.091942
0.000000 -18.068923
0.000000 -18.045904
0.000000 -18.022884
0.000000 -17.999865
0.000000 -17.976845
0.000000 -17.953826
0.000000 -17.930807
0.000000 -17.907787
0.000000 -17.884768
0.000000 -17.861749
0.000000 -17.838729
0.000000 -17.815710
0.000000 -17.792691
0.000000 -17.769671
0.000000 -17.746652
0.000000 -17.723633
0.000000 -17.700613
0.000000 -17.677594
0.000000 -17.654574
0.000000 -17.631555
0.000000 -17.608536
0.000000 -17.585516
0.000000 -17.562497
0.000000 -17.539478
0.000000 -17.516458
0.000000 -17.493439
0.000000 -17.470420
0.000000 -17.447400
0.000000 -17.424381
0.000000 -17.401361
0.000000 -17.378342
0.000000 -17.355323
0.000000 -17.332303
0.000000 -17.309284
0.000000 -17.286265
0.000000 -17.263245
0.000000 -17.240226
0.000000 -17.217207
0.000000 -17.194187
0.000000 -17.171168
0.000000 -17.148149
0.000000 -17.125129
0.000000 -17.102110
0.000000 -17.079090
0.000000 -17.056071
0.000000 -17.033052
0.000000 -17.010032
0.000000 -16.987013
0.000000 -16.963994
0.000000 -16.940974
0.000000 -16.917955
0.000000 -16.894936
0.000000 -16.871916
0.000000 -16.848897
0.000000 -16.825877
0.000000 -16.802858
0.000000 -16.779839
0.000000 -16.756819
0.000000 -16.733800
0.000000 -16.710781
0.000000 -16.687761
0.000000 -16.664742
0.000000 -16.641723
0.000000 -16.618703
0.000000 -16.595684
0.000000 -16.572665
0.000000 -16.549645
0.000000 -16.526626
0.000000 -16.503606
0.000000 -16.480587
0.000000 -16.457568
0.000000 -16.434548
0.000000 -16.411529
0.000000 -16.388510
0.000000 -16.365490
0.000000 -16.342471
0.000000 -16.319452
0.000000 -16.296432
0.000000 -16.273413
0.000000 -16.250393
0.000000 -16.227374
0.000000 -16.204355
0.000000 -16.181335
0.000000 -16.158316
0.000000 -16.135297
0.000000 -16.112277
0.000000 -16.089258
0.000000 -16.066239
0.000001 -16.043219
0.000002 -16.020200
0.000005 -15.997181
0.000011 -15.974161
0.000026 -15.951142
0.000056 -15.928122
0.000118 -15.905103
0.000239 -15.882084
0.000468 -15.859064
0.000883 -15.836045
0.001616 -15.813026
0.002865 -15.790006
0.004936 -15.766987
0.008271 -15.743968
0.013498 -15.720948
0.021470 -15.697929
0.033318 -15.674910
0.050478 -15.651890
0.074709 -15.628871
0.108082 -15.605851
0.152934 -15.582832
0.211779 -15.559813
0.287176 -15.536793
0.381544 -15.513774
0.496923 -15.490755
0.634695 -15.467735
0.795279 -15.444716
0.977883 -15.421697
1.180392 -15.398677
1.399520 -15.375658
1.631303 -15.352638
1.871890 -15.329619
2.118429 -15.306600
2.369689 -15.283580
2.626017 -15.260561
2.888388 -15.237542
3.156685 -15.214522
3.427733 -15.191503
3.693940 -15.168484
3.943293 -15.145464
4.161070 -15.122445
4.332889 -15.099426
4.448148 -15.076406
4.502608 -15.053387
4.499126 -15.030367
4.446257 -15.007348
4.355236 -14.984329
4.236519 -14.961309
4.097237 -14.938290
3.940504 -14.915271
3.766778 -14.892251
3.576591 -14.869232
3.373362 -14.846213
3.164959 -14.823193
2.963148 -14.800174
2.780956 -14.777154
2.628884 -14.754135
2.511434 -14.731116
2.425354 -14.708096
2.360384 -14.685077
2.302299 -14.662058
2.237196 -14.639038
2.155485 -14.616019
2.054210 -14.593000
1.937028 -14.569980
1.812023 -14.546961
1.688368 -14.523942
1.573104 -14.500922
1.469160 -14.477903
1.375109 -14.454883
1.286461 -14.431864
1.197759 -14.408845
1.104586 -14.385825
1.004822 -14.362806
0.898888 -14.339787
0.789187 -14.316767
0.679152 -14.293748
0.572330 -14.270729
0.471791 -14.247709
0.379865 -14.224690
0.298145 -14.201670
0.227561 -14.178651
0.168455 -14.155632
0.120614 -14.132612
0.083314 -14.109593
0.055388 -14.086574
0.035367 -14.063554
0.021653 -14.040535
0.012692 -14.017516
0.007115 -13.994496
0.003811 -13.971477
0.001949 -13.948458
0.000951 -13.925438
0.000442 -13.902419
0.000196 -13.879399
0.000083 -13.856380
0.000033 -13.833361
0.000013 -13.810341
0.000005 -13.787322
0.000002 -13.764303
0.000001 -13.741283
0.000000 -13.718264
0.000000 -13.695245
0.000000 -13.672225
0.000000 -13.649206
0.000000 -13.626186
0.000000 -13.603167
0.000000 -13.580148
0.000000 -13.557128
0.000000 -13.534109
0.000000 -13.511090
0.000000 -13.488070
0.000000 -13.465051
0.000000 -13.442032
0.000000 -13.419012
0.000000 -13.395993
0.000000 -13.372974
0.000000 -13.349954
0.000000 -13.326935
0.000000 -13.303915
0.000000 -13.280896
0.000000 -13.257877
0.000000 -13.234857
0.000000 -13.211838
0.000000 -13.188819
0.000000 -13.165799
0.000000 -13.142780
0.000000 -13.119761
0.000000 -13.096741
0.000000 -13.073722
0.000000 -13.050703
0.000000 -13.027683
0.000000 -13.004664
0.000000 -12.981644
0.000000 -12.958625
0.000000 -12.935606
0.000000 -12.912586
0.000000 -12.889567
0.000000 -12.866548
0.000000 -12.843528
0.000000 -12.820509
0.000000 -12.797490
0.000000 -12.774470
0.000000 -12.751451
0.000000 -12.728431
0.000000 -12.705412
0.000000 -12.682393
0.000000 -12.659373
0.000000 -12.636354
0.000000 -12.613335
0.000000 -12.590315
0.000000 -12.567296
0.000000 -12.544277
0.000000 -12.521257
0.000000 -12.498238
0.000000 -12.475219
0.000000 -12.452199
0.000000 -12.429180
0.000000 -12.406160
0.000000 -12.383141
0.000000 -12.360122
0.000000 -12.337102
0.000000 -12.314083
0.000000 -12.291064
0.000000 -12.268044
0.000000 -12.245025
0.000000 -12.222006
0.000000 -12.198986
0.000000 -12.175967
0.000000 -12.152947
0.000000 -12.129928
0.000000 -12.106909
0.000000 -12.083889
0.000000 -12.060870
0.000000 -12.037851
0.000000 -12.014831
0.000000 -11.991812
0.000000 -11.968793
0.000000 -11.945773
0.000000 -11.922754
0.000000 -11.899735
0.000000 -11.876715
0.000000 -11.853696
0.000000 -11.830676
0.000000 -11.807657
0.000000 -11.784638
0.000000 -11.761618
0.000000 -11.738599
0.000000 -11.715580
0.000000 -11.692560
0.000000 -11.669541
0.000000 -11.646522
0.000000 -11.623502
0.000000 -11.600483
0.000000 -11.577463
0.000000 -11.554444
0.000000 -11.531425
0.000000 -11.508405
0.000000 -11.485386
0.000000 -11.462367
0.000000 -11.439347
0.000000 -11.416328
0.000000 -11.393309
0.000000 -11.370289
0.000000 -11.347270
0.000000 -11.324251
0.000000 -11.301231
0.000000 -11.278212
0.000000 -11.255192
0.000000 -11.232173
0.000000 -11.209154
0.000000 -11.186134
0.000000 -11.163115
0.000000 -11.140096
0.000000 -11.117076
0.000000 -11.094057
0.000000 -11.071038
0.000000 -11.048018
0.000000 -11.024999
0.000000 -11.001979
0.000000 -10.978960
0.000000 -10.955941
0.000000 -10.932921
0.000000 -10.909902
0.000000 -10.886883
0.000000 -10.863863
0.000000 -10.840844
0.000000 -10.817825
0.000000 -10.794805
0.000000 -10.771786
0.000000 -10.748767
0.000000 -10.725747
0.000000 -10.702728
0.000000 -10.679708
0.000000 -10.656689
0.000000 -10.633670
0.000000 -10.610650
0.000000 -10.587631
0.000000 -10.564612
0.000000 -10.541592
0.000000 -10.518573
0.000000 -10.495554
0.000000 -10.472534
0.000000 -10.449515
0.000000 -10.426495
0.000000 -10.403476
0.000000 -10.380457
0.000000 -10.357437
0.000000 -10.334418
0.000000 -10.311399
0.000000 -10.288379
0.000000 -10.265360
0.000000 -10.242341
0.000000 -10.219321
0.000000 -10.196302
0.000000 -10.173283
0.000000 -10.150263
0.000000 -10.127244
0.000000 -10.104224
0.000000 -10.081205
0.000000 -10.058186
0.000000 -10.035166
0.000000 -10.012147
0.000000 -9.989128
0.000000 -9.966108
0.000000 -9.943089
0.000000 -9.920070
0.000000 -9.897050
0.000000 -9.874031
0.000000 -9.851012
0.000000 -9.827992
0.000000 -9.804973
0.000000 -9.781953
0.000000 -9.758934
0.000000 -9.735915
0.000000 -9.712895
0.000000 -9.689876
0.000000 -9.666857
0.000000 -9.643837
0.000000 -9.620818
0.000000 -9.597799
0.000000 -9.574779
0.000000 -9.551760
0.000000 -9.528740
0.000000 -9.505721
0.000000 -9.482702
0.000000 -9.459682
0.000000 -9.436663
0.000000 -9.413644
0.000000 -9.390624
0.000000 -9.367605
0.000000 -9.344586
0.000000 -9.321566
0.000000 -9.298547
0.000000 -9.275528
0.000000 -9.252508
0.000000 -9.229489
0.000000 -9.206469
0.000000 -9.183450
0.000000 -9.160431
0.000000 -9.137411
0.000000 -9.114392
0.000000 -9.091373
0.000000 -9.068353
0.000000 -9.045334
0.000000 -9.022315
0.000000 -8.999295
0.000000 -8.976276
0.000000 -8.953256
0.000000 -8.930237
0.000000 -8.907218
0.000000 -8.884198
0.000000 -8.861179
0.000000 -8.838160
0.000000 -8.815140
0.000000 -8.792121
0.000000 -8.769102
0.000000 -8.746082
0.000000 -8.723063
0.000000 -8.700044
0.000000 -8.677024
0.000000 -8.654005
0.000000 -8.630985
0.000000 -8.607966
0.000000 -8.584947
0.000000 -8.561927
0.000000 -8.538908
0.000000 -8.515889
0.000000 -8.492869
0.000000 -8.469850
0.000000 -8.446831
0.000000 -8.423811
0.000000 -8.400792
0.000000 -8.377772
0.000000 -8.354753
0.000000 -8.331734
0.000000 -8.308714
0.000000 -8.285695
0.000000 -8.262676
0.000000 -8.239656
0.000000 -8.216637
0.000000 -8.193618
0.000000 -8.170598
0.000000 -8.147579
0.000000 -8.124560
0.000000 -8.101540
0.000000 -8.078521
0.000000 -8.055501
0.000000 -8.032482
0.000000 -8.009463
0.000000 -7.986443
0.000000 -7.963424
0.000000 -7.940405
0.000000 -7.917385
0.000000 -7.894366
0.000000 -7.871347
0.000000 -7.848327
0.000000 -7.825308
0.000000 -7.802288
0.000000 -7.779269
0.000000 -7.756250
0.000000 -7.733230
0.000000 -7.710211
0.000000 -7.687192
0.000000 -7.664172
0.000000 -7.641153
0.000000 -7.618134
0.000000 -7.595114
0.000000 -7.572095
0.000000 -7.549076
0.000000 -7.526056
0.000000 -7.503037
0.000000 -7.480017
0.000000 -7.456998
0.000000 -7.433979
0.000000 -7.410959
0.000000 -7.387940
0.000000 -7.364921
0.000000 -7.341901
0.000000 -7.318882
0.000000 -7.295863
0.000000 -7.272843
0.000000 -7.249824
0.000000 -7.226805
0.000000 -7.203785
0.000000 -7.180766
0.000000 -7.157746
0.000000 -7.134727
0.000000 -7.111708
0.000000 -7.088688
0.000000 -7.065669
0.000000 -7.042650
0.000000 -7.019630
0.000000 -6.996611
0.000000 -6.973592
0.000000 -6.950572
0.000000 -6.927553
0.000000 -6.904533
0.000000 -6.881514
0.000000 -6.858495
0.000000 -6.835475
0.000000 -6.812456
0.000000 -6.789437
0.000000 -6.766417
0.000000 -6.743398
0.000000 -6.720379
0.000000 -6.697359
0.000000 -6.674340
0.000000 -6.651321
0.000000 -6.628301
0.000000 -6.605282
0.000000 -6.582262
0.000000 -6.559243
0.000000 -6.536224
0.000000 -6.513204
0.000000 -6.490185
0.000000 -6.467166
0.000000 -6.444146
0.000000 -6.421127
0.000000 -6.398108
0.000000 -6.375088
0.000000 -6.352069
0.000000 -6.329049
0.000000 -6.306030
0.000000 -6.283011
0.000000 -6.259991
0.000000 -6.236972
0.000000 -6.213953
0.000000 -6.190933
0.000000 -6.167914
0.000000 -6.144895
0.000000 -6.121875
0.000000 -6.098856
0.000000 -6.075837
0.000000 -6.052817
0.000000 -6.029798
0.000000 -6.006778
0.000000 -5.983759
0.000000 -5.960740
0.000000 -5.937720
0.000000 -5.914701
0.000000 -5.891682
0.000000 -5.868662
0.000000 -5.845643
0.000000 -5.822624
0.000000 -5.799604
0.000000 -5.776585
0.000000 -5.753565
0.000000 -5.730546
0.000000 -5.707527
0.000000 -5.684507
0.000000 -5.661488
0.000000 -5.638469
0.000000 -5.615449
0.000000 -5.592430
0.000000 -5.569411
0.000000 -5.546391
0.000000 -5.523372
0.000000 -5.500353
0.000000 -5.477333
0.000000 -5.454314
0.000000 -5.431294
0.000000 -5.408275
0.000000 -5.385256
0.000000 -5.362236
0.000000 -5.339217
0.000000 -5.316198
0.000000 -5.293178
0.000000 -5.270159
0.000000 -5.247140
0.000000 -5.224120
0.000000 -5.201101
0.000000 -5.178081
0.000000 -5.155062
0.000000 -5.132043
0.000000 -5.109023
0.000000 -5.086004
0.000000 -5.062985
0.000000 -5.039965
0.000000 -5.016946
0.000000 -4.993927
0.000000 -4.970907
0.000000 -4.947888
0.000000 -4.924869
0.000000 -4.901849
0.000000 -4.878830
0.000000 -4.855810
0.000000 -4.832791
0.000000 -4.809772
0.000000 -4.786752
0.000000 -4.763733
0.000000 -4.740714
0.000000 -4.717694
0.000000 -4.694675
0.000000 -4.671656
0.000000 -4.648636
0.000000 -4.625617
0.000000 -4.602597
0.000000 -4.579578
0.000000 -4.556559
0.000000 -4.533539
0.000000 -4.510520
0.000000 -4.487501
0.000000 -4.464481
0.000000 -4.441462
0.000000 -4.418443
0.000000 -4.395423
0.000000 -4.372404
0.000000 -4.349385
0.000000 -4.326365
0.000000 -4.303346
0.000000 -4.280326
0.000000 -4.257307
0.000000 -4.234288
0.000001 -4.211268
0.000004 -4.188249
0.000012 -4.165230
0.000036 -4.142210
0.000097 -4.119191
0.000251 -4.096172
0.000621 -4.073152
0.001464 -4.050133
0.003293 -4.027114
0.007067 -4.004094
0.014487 -3.981075
0.028386 -3.958055
0.053222 -3.935036
0.095615 -3.912017
0.164843 -3.888997
0.273217 -3.865978
0.436226 -3.842959
0.672383 -3.819939
1.002687 -3.796920
1.449578 -3.773901
2.035115 -3.750881
2.778079 -3.727862
3.689747 -3.704842
4.768570 -3.681823
5.994719 -3.658804
7.326325 -3.635784
8.699588 -3.612765
10.034360 -3.589746
11.245088 -3.566726
12.254749 -3.543707
13.007665 -3.520688
13.476935 -3.497668
13.664160 -3.474649
13.592312 -3.451630
13.295547 -3.428610
12.810782 -3.405591
12.174416 -3.382571
11.424425 -3.359552
10.605024 -3.336533
9.769772 -3.313513
8.980051 -3.290494
8.298410 -3.267475
7.778926 -3.244455
7.457962 -3.221436
7.348284 -3.198417
7.437785 -3.175397
7.692378 -3.152378
8.061608 -3.129358
8.485608 -3.106339
8.902613 -3.083320
9.256717 -3.060300
9.505383 -3.037281
9.625586 -3.014262
9.616849 -2.991242
9.499700 -2.968223
9.309279 -2.945204
9.085737 -2.922184
8.864568 -2.899165
8.670310 -2.876146
8.515682 -2.853126
8.405884 -2.830107
8.345460 -2.807087
8.344030 -2.784068
8.417814 -2.761049
8.585897 -2.738029
8.862568 -2.715010
9.248832 -2.691991
9.726537 -2.668971
10.257544 -2.645952
10.788519 -2.622933
11.260032 -2.599913
11.617409 -2.576894
11.820493 -2.553874
11.850068 -2.530855
11.709803 -2.507836
11.423795 -2.484816
11.030695 -2.461797
10.575957 -2.438778
10.103816 -2.415758
9.650499 -2.392739
9.239837 -2.369720
8.882001 -2.346700
8.575493 -2.323681
8.311756 -2.300662
8.081081 -2.277642
7.878021 -2.254623
7.704695 -2.231603
7.570985 -2.208584
7.491670 -2.185565
7.481500 -2.162545
7.549758 -2.139526
7.695929 -2.116507
7.907637 -2.093487
8.161379 -2.070468
8.425851 -2.047449
8.667070 -2.024429
8.854088 -2.001410
8.964023 -1.978390
8.985358 -1.955371
8.919018 -1.932352
8.777307 -1.909332
8.581277 -1.886313
8.357236 -1.863294
8.132969 -1.840274
7.934071 -1.817255
7.780631 -1.794236
7.684666 -1.771216
7.648786 -1.748197
7.666644 -1.725178
7.725327 -1.702158
7.809282 -1.679139
7.904658 -1.656119
8.002648 -1.633100
8.100650 -1.610081
8.200880 -1.587061
8.307093 -1.564042
8.420872 -1.541023
8.539096 -1.518003
8.653631 -1.494984
8.753263 -1.471965
8.826957 -1.448945
8.867004 -1.425926
8.870891 -1.402907
8.841395 -1.379887
8.785269 -1.356868
8.711381 -1.333848
8.629141 -1.310829
8.547650 -1.287810
8.475417 -1.264790
8.420208 -1.241771
8.388561 -1.218752
8.384858 -1.195732
8.410180 -1.172713
8.461375 -1.149694
8.530733 -1.126674
8.606427 -1.103655
8.673585 -1.080635
8.715725 -1.057616
8.716252 -1.034597
8.659841 -1.011577
8.533748 -0.988558
8.329131 -0.965539
8.042474 -0.942519
7.676996 -0.919500
7.243665 -0.896481
6.761306 -0.873461
6.255340 -0.850442
5.755013 -0.827423
5.289440 -0.804403
4.883215 -0.781384
4.552536 -0.758364
4.302727 -0.735345
4.127755 -0.712326
4.011866 -0.689306
3.933056 -0.666287
3.867654 -0.643268
3.795001 -0.620248
3.701143 -0.597229
3.580654 -0.574210
3.436228 -0.551190
3.276365 -0.528171
3.112065 -0.505151
2.953705 -0.482132
2.809013 -0.459113
2.682525 -0.436093
2.576197 -0.413074
2.490491 -0.390055
2.425202 -0.367035
2.379671 -0.344016
2.352467 -0.320997
2.340948 -0.297977
2.341115 -0.274958
2.348007 -0.251939
2.356522 -0.228919
2.362376 -0.205900
2.362840 -0.182880
2.357031 -0.159861
2.345729 -0.136842
2.330854 -0.113822
2.314847 -0.090803
2.300146 -0.067784
2.288874 -0.044764
2.282733 -0.021745
2.282997 0.001274
2.290492 0.024294
2.305487 0.047313
2.327505 0.070333
2.355159 0.093352
2.386140 0.116371
2.417483 0.139391
2.446123 0.162410
2.469638 0.185429
2.486985 0.208449
2.498946 0.231468
2.508085 0.254487
2.518104 0.277507
2.532751 0.300526
2.554544 0.323545
2.583764 0.346565
2.618044 0.369584
2.652726 0.392604
2.681874 0.415623
2.699600 0.438642
2.701289 0.461662
2.684357 0.484681
2.648423 0.507700
2.594946 0.530720
2.526566 0.553739
2.446402 0.576758
2.357473 0.599778
2.262331 0.622797
2.162874 0.645817
2.060291 0.668836
1.955085 0.691855
1.847154 0.714875
1.735951 0.737894
1.620716 0.760913
1.500819 0.783933
1.376150 0.806952
1.247504 0.829971
1.116849 0.852991
0.987346 0.876010
0.863068 0.899029
0.748416 0.922049
0.647364 0.945068
0.562722 0.968088
0.495615 0.991107
0.445330 1.014126
0.409551 1.037146
0.384896 1.060165
0.367575 1.083184
0.354005 1.106204
0.341231 1.129223
0.327129 1.152242
0.310396 1.175262
0.290436 1.198281
0.267201 1.221301
0.241062 1.244320
0.212716 1.267339
0.183112 1.290359
0.153368 1.313378
0.124663 1.336397
0.098097 1.359417
0.074562 1.382436
0.054630 1.405455
0.038514 1.428475
0.026086 1.451494
0.016952 1.474513
0.010556 1.497533
0.006294 1.520552
0.003589 1.543572
0.001956 1.566591
0.001019 1.589610
0.000506 1.612630
0.000240 1.635649
0.000109 1.658668
0.000047 1.681688
0.000019 1.704707
0.000008 1.727726
0.000003 1.750746
0.000001 1.773765
0.000000 1.796784
0.000000 1.819804
0.000000 1.842823
0.000000 1.865843
0.000000 1.888862
0.000000 1.911881
0.000000 1.934901
0.000000 1.957920
0.000000 1.980939
0.000000 2.003959
0.000000 2.026978
0.000000 2.049997
0.000000 2.073017
0.000000 2.096036
0.000000 2.119056
0.000000 2.142075
0.000000 2.165094
0.000000 2.188114
0.000000 2.211133
0.000000 2.234152
0.000000 2.257172
0.000000 2.280191
0.000000 2.303210
0.000000 2.326230
0.000000 2.349249
0.000000 2.372268
0.000000 2.395288
0.000000 2.418307
0.000000 2.441327
0.000000 2.464346
0.000000 2.487365
0.000000 2.510385
0.000000 2.533404
0.000000 2.556423
0.000000 2.579443
0.000000 2.602462
0.000000 2.625481
0.000000 2.648501
0.000000 2.671520
0.000000 2.694540
0.000001 2.717559
0.000003 2.740578
0.000009 2.763598
0.000026 2.786617
0.000073 2.809636
0.000195 2.832656
0.000493 2.855675
0.001190 2.878694
0.002737 2.901714
0.005993 2.924733
0.012501 2.947752
0.024838 2.970772
0.047019 2.993791
0.084826 3.016811
0.145897 3.039830
0.239365 3.062849
0.374887 3.085869
0.561079 3.108888
0.803610 3.131907
1.103527 3.154927
1.456451 3.177946
1.853175 3.200965
2.281677 3.223985
2.729988 3.247004
3.188846 3.270024
3.653128 3.293043
4.121572 3.316062
4.595198 3.339082
5.075462 3.362101
5.563286 3.385120
6.059405 3.408140
6.565499 3.431159
7.084901 3.454178
7.621679 3.477198
8.177725 3.500217
8.748612 3.523236
9.319838 3.546256
9.865244 3.569275
10.348827 3.592295
10.730080 3.615314
10.971830 3.638333
11.048611 3.661353
10.953266 3.684372
10.699909 3.707391
10.322432 3.730411
9.869119 3.753430
9.394964 3.776449
8.953524 3.799469
8.589638 3.822488
8.333597 3.845508
8.197029 3.868527
8.171156 3.891546
8.228672 3.914566
8.330494 3.937585
8.437341 3.960604
8.523835 3.983624
8.590638 4.006643
8.669513 4.029662
8.817926 4.052682
9.103495 4.075701
9.582704 4.098720
10.281012 4.121740
11.181435 4.144759
12.225812 4.167779
13.328429 4.190798
14.397159 4.213817
15.354634 4.236837
16.152052 4.259856
16.771067 4.282875
17.213865 4.305895
17.486168 4.328914
17.580892 4.351933
17.470158 4.374953
17.110192 4.397972
16.458479 4.420991
15.497404 4.444011
14.255699 4.467030
12.819559 4.490050
11.328909 4.513069
9.959493 4.536088
8.895781 4.559108
8.301746 4.582127
8.295851 4.605146
8.934104 4.628166
10.202337 4.651185
12.017062 4.674204
14.233729 4.697224
16.661511 4.720243
19.083896 4.743263
21.283931 4.766282
23.071790 4.789301
24.310942 4.812321
24.938386 4.835340
24.974627 4.858359
24.520615 4.881379
23.741357 4.904398
22.838857 4.927417
22.019480 4.950437
21.462218 4.973456
21.293994 4.996475
21.576293 5.019495
22.304376 5.042514
23.417204 5.065534
24.813886 5.088553
26.371804 5.111572
27.962612 5.134592
29.464546 5.157611
30.771788 5.180630
31.802806 5.203650
32.509146 5.226669
32.884161 5.249688
32.968874 5.272708
32.850925 5.295727
32.653430 5.318747
32.513515 5.341766
32.554286 5.364785
32.857133 5.387805
33.442176 5.410824
34.262683 5.433843
35.215251 5.456863
36.162898 5.479882
36.964779 5.502901
37.504922 5.525921
37.713411 5.548940
37.575931 5.571959
37.130702 5.594979
36.454608 5.617998
35.642402 5.641018
34.784066 5.664037
33.945681 5.687056
33.158326 5.710076
32.417590 5.733095
31.693407 5.756114
30.946884 5.779134
30.148585 5.802153
29.292228 5.825172
28.399329 5.848192
27.513454 5.871211
26.686272 5.894231
25.960372 5.917250
25.354773 5.940269
24.858039 5.963289
24.431277 5.986308
24.019900 6.009327
23.569995 6.032347
23.043434 6.055366
22.426291 6.078385
21.727538 6.101405
20.968828 6.124424
20.169772 6.147443
19.335078 6.170463
18.449123 6.193482
17.480388 6.216502
16.393921 6.239521
15.166698 6.262540
13.799725 6.285560
12.322406 6.308579
10.788011 6.331598
9.262457 6.354618
7.810674 6.377637
6.484892 6.400656
5.317778 6.423676
4.321181 6.446695
3.489448 6.469715
2.805266 6.492734
2.245933 6.515753
1.788493 6.538773
1.412980 6.561792
1.103761 6.584811
0.849397 6.607831
0.641672 6.630850
0.474386 6.653869
0.342322 6.676889
0.240601 6.699908
0.164420 6.722927
0.109080 6.745947
0.070154 6.768966
0.043680 6.791986
0.026292 6.815005
0.015279 6.838024
0.008567 6.861044
0.004643 6.884063
0.002462 6.907082
0.001340 6.930102
0.000866 6.953121
0.000823 6.976140
0.001141 6.999160
0.001867 7.022179
0.003158 7.045198
0.005303 7.068218
0.008760 7.091237
0.014240 7.114257
0.022847 7.137276
0.036302 7.160295
0.057308 7.183315
0.090088 7.206334
0.141116 7.229353
0.220002 7.252373
0.340410 7.275392
0.520774 7.298411
0.784447 7.321431
1.158864 7.344450
1.673277 7.367470
2.354781 7.390489
3.222666 7.413508
4.281627 7.436528
5.515013 7.459547
6.879828 7.482566
8.305477 7.505586
9.697947 7.528605
10.950072 7.551624
11.956911 7.574644
12.633516 7.597663
12.931067 7.620682
12.847253 7.643702
12.427993 7.666721
11.759905 7.689741
10.955478 7.712760
10.134748 7.735779
9.407784 7.758799
8.861393 7.781818
8.551735 7.804837
8.502648 7.827857
8.708262 7.850876
9.137964 7.873895
9.742049 7.896915
10.457028 7.919934
11.210389 7.942954
11.925232 7.965973
12.525630 7.988992
12.943374 8.012012
13.126071 8.035031
13.045463 8.058050
12.703815 8.081070
12.135928 8.104089
11.405069 8.127108
10.592820 8.150128
9.784809 8.173147
9.055705 8.196166
8.457203 8.219186
8.011786 8.242205
7.713355 8.265225
7.533934 8.288244
7.434146 8.311263
7.374435 8.334283
7.324051 8.357302
7.265727 8.380321
7.195377 8.403341
7.117760 8.426360
7.040332 8.449379
6.967972 8.472399
6.900684 8.495418
6.834877 8.518438
6.767107 8.541457
6.697993 8.564476
6.634010 8.587496
6.586025 8.610515
6.565225 8.633534
6.578477 8.656554
6.625465 8.679573
6.698978 8.702592
6.788069 8.725612
6.882340 8.748631
6.975129 8.771650
7.064038 8.794670
7.148627 8.817689
7.226498 8.840709
7.289705 8.863728
7.323332 8.886747
7.307160 8.909767
7.220179 8.932786
7.046603 8.955805
6.781449 8.978825
6.433803 9.001844
6.026582 9.024863
5.592766 9.047883
5.169201 9.070902
4.789839 9.093922
4.480284 9.116941
4.254812 9.139960
4.115996 9.162980
4.056194 9.185999
4.059861 9.209018
4.105991 9.232038
4.170645 9.255057
4.229985 9.278076
4.264125 9.301096
4.261470 9.324115
4.222426 9.347134
4.160919 9.370154
4.102552 9.393173
4.079216 9.416193
4.121307 9.439212
4.249663 9.462231
4.469562 9.485251
4.768483 9.508270
5.118147 9.531289
5.480075 9.554309
5.812987 9.577328
6.080119 9.600347
6.254804 9.623367
6.323460 9.646386
6.285893 9.669406
6.153522 9.692425
5.946432 9.715444
5.690140 9.738464
5.412732 9.761483
5.142620 9.784502
4.906870 9.807522
4.729807 9.830541
4.631581 9.853560
4.626473 9.876580
4.721025 9.899599
4.912358 9.922618
5.187291 9.945638
5.522840 9.968657
5.888385 9.991677
6.249313 10.014696
6.571489 10.037715
6.825630 10.060735
6.990749 10.083754
7.056105 10.106773
7.021539 10.129793
6.896386 10.152812
6.697356 10.175831
6.445847 10.198851
6.165125 10.221870
5.877776 10.244889
5.603686 10.267909
5.358638 10.290928
5.153429 10.313948
4.993314 10.336967
4.877669 10.359986
4.800029 10.383006
4.748805 10.406025
4.709045 10.429044
4.665225 10.452064
4.604615 10.475083
4.520342 10.498102
4.413219 10.521122
4.291757 10.544141
4.170387 10.567161
4.066476 10.590180
3.997022 10.613199
3.975844 10.636219
4.011783 10.659238
4.108064 10.682257
4.262680 10.705277
4.469462 10.728296
4.719361 10.751315
5.001434 10.774335
5.303121 10.797354
5.609681 10.820373
5.903143 10.843393
6.161611 10.866412
6.359940 10.889432
6.472491 10.912451
6.477856 10.935470
6.364449 10.958490
6.135096 10.981509
5.808779 11.004528
5.418440 11.027548
5.005092 11.050567
4.609809 11.073586
4.265843 11.096606
3.993068 11.119625
3.796018 11.142645
3.665639 11.165664
3.583788 11.188683
3.528962 11.211703
3.481709 11.234722
3.428567 11.257741
3.363975 11.280761
3.290105 11.303780
3.215017 11.326799
3.149792 11.349819
3.105415 11.372838
3.090104 11.395857
3.107593 11.418877
3.156532 11.441896
3.230837 11.464916
3.320621 11.487935
3.413318 11.510954
3.494768 11.533974
3.550254 11.556993
3.565676 11.580012
3.528989 11.603032
3.431913 11.626051
3.271611 11.649070
3.051872 11.672090
2.783288 11.695109
2.482161 11.718129
2.168230 11.741148
1.861648 11.764167
1.579916 11.787187
1.335437 11.810206
1.134192 11.833225
0.975721 11.856245
0.854290 11.879264
0.760858 11.902283
0.685343 11.925303
0.618667 11.948322
0.554190 11.971341
0.488330 11.994361
0.420398 12.017380
0.351863 12.040400
0.285363 12.063419
0.223739 12.086438
0.169321 12.109458
0.123527 12.132477
0.086782 12.155496
0.058649 12.178516
0.038090 12.201535
0.023746 12.224554
0.014196 12.247574
0.008129 12.270593
0.004454 12.293613
0.002333 12.316632
0.001167 12.339651
0.000557 12.362671
0.000254 12.385690
0.000110 12.408709
0.000046 12.431729
0.000018 12.454748
0.000007 12.477767
0.000002 12.500787
0.000001 12.523806
0.000000 12.546825
0.000000 12.569845
0.000000 12.592864
0.000000 12.615884
0.000000 12.638903
0.000000 12.661922
0.000000 12.684942
0.000000 12.707961
0.000000 12.730980
0.000000 12.754000
0.000000 12.777019
0.000000 12.800038
0.000000 12.823058
0.000000 12.846077
0.000000 12.869096
0.000000 12.892116
0.000000 12.915135
0.000000 12.938155
0.000000 12.961174
0.000000 12.984193
0.000000 13.007213
0.000000 13.030232
0.000000 13.053251
0.000000 13.076271
0.000000 13.099290
0.000000 13.122309
0.000000 13.145329
0.000000 13.168348
0.000000 13.191368
0.000000 13.214387
0.000000 13.237406
0.000000 13.260426
0.000000 13.283445
0.000000 13.306464
0.000000 13.329484
0.000000 13.352503
0.000000 13.375522
0.000000 13.398542
0.000000 13.421561
0.000000 13.444580
0.000000 13.467600
0.000000 13.490619
0.000000 13.513639
0.000000 13.536658
0.000000 13.559677
0.000000 13.582697
0.000000 13.605716
0.000000 13.628735
0.000000 13.651755
0.000000 13.674774
0.000000 13.697793
0.000000 13.720813
0.000000 13.743832
0.000000 13.766852
0.000000 13.789871
0.000000 13.812890
0.000000 13.835910
0.000000 13.858929
0.000000 13.881948
0.000000 13.904968
0.000000 13.927987
0.000000 13.951006
0.000000 13.974026
0.000000 13.997045
0.000000 14.020064
0.000000 14.043084
0.000000 14.066103
0.000000 14.089123
0.000000 14.112142
0.000000 14.135161
0.000000 14.158181
0.000000 14.181200

-0.000000 -31.834500
-0.000000 -31.811481
-0.000000 -31.788461
-0.000000 -31.765442
-0.000000 -31.742423
-0.000000 -31.719403
-0.000000 -31.696384
-0.000000 -31.673364
-0.000000 -31.650345
-0.000000 -31.627326
-0.000000 -31.604306
-0.000000 -31.581287
-0.000000 -31.558268
-0.000000 -31.535248
-0.000000 -31.512229
-0.000000 -31.489210
-0.000000 -31.466190
-0.000000 -31.443171
-0.000000 -31.420152
-0.000000 -31.397132
-0.000000 -31.374113
-0.000000 -31.351093
-0.000000 -31.328074
-0.000000 -31.305055
-0.000000 -31.282035
-0.000000 -31.259016
-0.000000 -31.235997
-0.000000 -31.212977
-0.000000 -31.189958
-0.000000 -31.166939
-0.000000 -31.143919
-0.000000 -31.120900
-0.000000 -31.097880
-0.000000 -31.074861
-0.000000 -31.051842
-0.000000 -31.028822
-0.000000 -31.005803
-0.000000 -30.982784
-0.000000 -30.959764
-0.000000 -30.936745
-0.000000 -30.913726
-0.000000 -30.890706
-0.000000 -30.867687
-0.000000 -30.844668
-0.000000 -30.821648
-0.000000 -30.798629
-0.000000 -30.775609
-0.000000 -30.752590
-0.000000 -30.729571
-0.000000 -30.706551
-0.000000 -30.683532
-0.000000 -30.660513
-0.000000 -30.637493
-0.000000 -30.614474
-0.000000 -30.591455
-0.000000 -30.568435
-0.000000 -30.545416
-0.000000 -30.522396
-0.000000 -30.499377
-0.000000 -30.476358
-0.000000 -30.453338
-0.000000 -30.430319
-0.000000 -30.407300
-0.000000 -30.384280
-0.000000 -30.361261
-0.000000 -30.338242
-0.000000 -30.315222
-0.000000 -30.292203
-0.000000 -30.269184
-0.000000 -30.246164
-0.000000 -30.223145
-0.000000 -30.200125
-0.000000 -30.177106
-0.000000 -30.154087
-0.000000 -30.131067
-0.000000 -30.108048
-0.000001 -30.085029
-0.000003 -30.062009
-0.000006 -30.038990
-0.000012 -30.015971
-0.000026 -29.992951
-0.000050 -29.969932
-0.000093 -29.946913
-0.000165 -29.923893
-0.000278 -29.900874
-0.000447 -29.877854
-0.000686 -29.854835
-0.001002 -29.831816
-0.001395 -29.808796
-0.001852 -29.785777
-0.002344 -29.762758
-0.002830 -29.739738
-0.003259 -29.716719
-0.003581 -29.693700
-0.003753 -29.670680
-0.003753 -29.647661
-0.003580 -29.624641
-0.003258 -29.601622
-0.002829 -29.578603
-0.002343 -29.555583
-0.001851 -29.532564
-0.001394 -29.509545
-0.001001 -29.486525
-0.000685 -29.463506
-0.000447 -29.440487
-0.000278 -29.417467
-0.000165 -29.394448
-0.000093 -29.371429
-0.000050 -29.348409
-0.000025 -29.325390
-0.000012 -29.302370
-0.000006 -29.279351
-0.000003 -29.256332
-0.000001 -29.233312
-0.000000 -29.210293
-0.000000 -29.187274
-0.000000 -29.164254
-0.000000 -29.141235
-0.000000 -29.118216
-0.000000 -29.095196
-0.000000 -29.072177
-0.000000 -29.049157
-0.000000 -29.026138
-0.000000 -29.003119
-0.000000 -28.980099
-0.000000 -28.957080
-0.000000 -28.934061
-0.000000 -28.911041
-0.000000 -28.888022
-0.000000 -28.865003
-0.000000 -28.841983
-0.000000 -28.818964
-0.000000 -28.795945
-0.000000 -28.772925
-0.000000 -28.749906
-0.000000 -28.726886
-0.000000 -28.703867
-0.000000 -28.680848
-0.000000 -28.657828
-0.000000 -28.634809
-0.000000 -28.611790
-0.000000 -28.588770
-0.000000 -28.565751
-0.000000 -28.542732
-0.000000 -28.519712
-0.000000 -28.496693
-0.000000 -28.473673
-0.000000 -28.450654
-0.000000 -28.427635
-0.000000 -28.404615
-0.000000 -28.381596
-0.000000 -28.358577
-0.000000 -28.335557
-0.000000 -28.312538
-0.000000 -28.289519
-0.000000 -28.266499
-0.000000 -28.243480
-0.000000 -28.220461
-0.000000 -28.197441
-0.000000 -28.174422
-0.000000 -28.151402
-0.000000 -28.128383
-0.000000 -28.105364
-0.000000 -28.082344
-0.000000 -28.059325
-0.000000 -28.036306
-0.000000 -28.013286
-0.000000 -27.990267
-0.000000 -27.967248
-0.000000 -27.944228
-0.000000 -27.921209
-0.000000 -27.898189
-0.000000 -27.875170
-0.000000 -27.852151
-0.000000 -27.829131
-0.000000 -27.806112
-0.000000 -27.783093
-0.000000 -27.760073
-0.000000 -27.737054
-0.000000 -27.714035
-0.000000 -27.691015
-0.000000 -27.667996
-0.000000 -27.644977
-0.000000 -27.621957
-0.000000 -27.598938
-0.000000 -27.575918
-0.000000 -27.552899
-0.000000 -27.529880
-0.000000 -27.506860
-0.000000 -27.483841
-0.000000 -27.460822
-0.000000 -27.437802
-0.000000 -27.414783
-0.000000 -27.391764
-0.000000 -27.368744
-0.000000 -27.345725
-0.000000 -27.322706
-0.000000 -27.299686
-0.000000 -27.276667
-0.000000 -27.253647
-0.000000 -27.230628
-0.000000 -27.207609
-0.000000 -27.184589
-0.000000 -27.161570
-0.000000 -27.138551
-0.000000 -27.115531
-0.000000 -27.092512
-0.000000 -27.069493
-0.000000 -27.046473
-0.000000 -27.023454
-0.000000 -27.000434
-0.000000 -26.977415
-0.000000 -26.954396
-0.000000 -26.931376
-0.000000 -26.908357
-0.000000 -26.885338
-0.000000 -26.862318
-0.000000 -26.839299
-0.000000 -26.816280
-0.000000 -26.793260
-0.000000 -26.770241
-0.000000 -26.747222
-0.000000 -26.724202
-0.000000 -26.701183
-0.000000 -26.678163
-0.000000 -26.655144
-0.000000 -26.632125
-0.000000 -26.609105
-0.000000 -26.586086
-0.000000 -26.563067
-0.000000 -26.540047
-0.000000 -26.517028
-0.000000 -26.494009
-0.000000 -26.470989
-0.000000 -26.447970
-0.000000 -26.424950
-0.000000 -26.401931
-0.000000 -26.378912
-0.000000 -26.355892
-0.000000 -26.332873
-0.000000 -26.309854
-0.000000 -26.286834
-0.000000 -26.263815
-0.000000 -26.240796
-0.000000 -26.217776
-0.000000 -26.194757
-0.000000 -26.171738
-0.000000 -26.148718
-0.000000 -26.125699
-0.000000 -26.102679
-0.000000 -26.079660
-0.000000 -26.056641
-0.000000 -26.033621
-0.000000 -26.010602
-0.000000 -25.987583
-0.000000 -25.964563
-0.000000 -25.941544
-0.000000 -25.918525
-0.000000 -25.895505
-0.000000 -25.872486
-0.000000 -25.849466
-0.000000 -25.826447
-0.000000 -25.803428
-0.000000 -25.780408
-0.000000 -25.757389
-0.000000 -25.734370
-0.000000 -25.711350
-0.000000 -25.688331
-0.000000 -25.665312
-0.000000 -25.642292
-0.000000 -25.619273
-0.000000 -25.596254
-0.000000 -25.573234
-0.000000 -25.550215
-0.000000 -25.527195
-0.000000 -25.504176
-0.000000 -25.481157
-0.000000 -25.458137
-0.000000 -25.435118
-0.000000 -25.412099
-0.000000 -25.389079
-0.000000 -25.366060
-0.000000 -25.343041
-0.000000 -25.320021
-0.000000 -25.297002
-0.000000 -25.273982
-0.000000 -25.250963
-0.000000 -25.227944
-0.000000 -25.204924
-0.000000 -25.181905
-0.000000 -25.158886
-0.000000 -25.135866
-0.000000 -25.112847
-0.000000 -25.089828
-0.000000 -25.066808
-0.000000 -25.043789
-0.000000 -25.020770
-0.000000 -24.997750
-0.000000 -24.974731
-0.000000 -24.951711
-0.000000 -24.928692
-0.000000 -24.905673
-0.000000 -24.882653
-0.000000 -24.859634
-0.000000 -24.836615
-0.000000 -24.813595
-0.000000 -24.790576
-0.000000 -24.767557
-0.000000 -24.744537
-0.000000 -24.721518
-0.000000 -24.698498
-0.000000 -24.675479
-0.000000 -24.652460
-0.000000 -24.629440
-0.000000 -24.606421
-0.000000 -24.583402
-0.000000 -24.560382
-0.000000 -24.537363
-0.000000 -24.514344
-0.000000 -24.491324
-0.000000 -24.468305
-0.000000 -24.445286
-0.000000 -24.422266
-0.000000 -24.399247
-0.000000 -24.376227
-0.000000 -24.353208
-0.000000 -24.330189
-0.000000 -24.307169
-0.000000 -24.284150
-0.000000 -24.261131
-0.000000 -24.238111
-0.000000 -24.215092
-0.000000 -24.192073
-0.000000 -24.169053
-0.000000 -24.146034
-0.000000 -24.123015
-0.000000 -24.099995
-0.000000 -24.076976
-0.000000 -24.053956
-0.000000 -24.030937
-0.000000 -24.007918
-0.000000 -23.984898
-0.000000 -23.961879
-0.000000 -23.938860
-0.000000 -23.915840
-0.000000 -23.892821
-0.000000 -23.869802
-0.000000 -23.846782
-0.000000 -23.823763
-0.000000 -23.800743
-0.000000 -23.777724
-0.000000 -23.754705
-0.000000 -23.731685
-0.000000 -23.708666
-0.000000 -23.685647
-0.000000 -23.662627
-0.000000 -23.639608
-0.000000 -23.616589
-0.000000 -23.593569
-0.000000 -23.570550
-0.000000 -23.547531
-0.000000 -23.524511
-0.000000 -23.501492
-0.000000 -23.478472
-0.000000 -23.455453
-0.000000 -23.432434
-0.000000 -23.409414
-0.000000 -23.386395
-0.000000 -23.363376
-0.000000 -23.340356
-0.000000 -23.317337
-0.000000 -23.294318
-0.000000 -23.271298
-0.000000 -23.248279
-0.000000 -23.225259
-0.000000 -23.202240
-0.000000 -23.179221
-0.000000 -23.156201
-0.000000 -23.133182
-0.000000 -23.110163
-0.000000 -23.087143
-0.000000 -23.064124
-0.000000 -23.041105
-0.000000 -23.018085
-0.000000 -22.995066
-0.000000 -22.972047
-0.000000 -22.949027
-0.000000 -22.926008
-0.000000 -22.902988
-0.000000 -22.879969
-0.000000 -22.856950
-0.000000 -22.833930
-0.000000 -22.810911
-0.000000 -22.787892
-0.000000 -22.764872
-0.000000 -22.741853
-0.000000 -22.718834
-0.000000 -22.695814
-0.000000 -22.672795
-0.000000 -22.649775
-0.000000 -22.626756
-0.000000 -22.603737
-0.000000 -22.580717
-0.000000 -22.557698
-0.000000 -22.534679
-0.000000 -22.511659
-0.000000 -22.488640
-0.000000 -22.465621
-0.000000 -22.442601
-0.000000 -22.419582
-0.000000 -22.396563
-0.000000 -22.373543
-0.000000 -22.350524
-0.000000 -22.327504
-0.000000 -22.304485
-0.000000 -22.281466
-0.000000 -22.258446
-0.000000 -22.235427
-0.000000 -22.212408
-0.000000 -22.189388
-0.000000 -22.166369
-0.000000 -22.143350
-0.000000 -22.120330
-0.000000 -22.097311
-0.000000 -22.074291
-0.000000 -22.051272
-0.000000 -22.028253
-0.000000 -22.005233
-0.000000 -21.982214
-0.000000 -21.959195
-0.000000 -21.936175
-0.000000 -21.913156
-0.000000 -21.890137
-0.000000 -21.867117
-0.000000 -21.844098
-0.000000 -21.821079
-0.000000 -21.798059
-0.000000 -21.775040
-0.000000 -21.752020
-0.000000 -21.729001
-0.000000 -21.705982
-0.000000 -21.682962
-0.000000 -21.659943
-0.000000 -21.636924
-0.000000 -21.613904
-0.000000 -21.590885
-0.000000 -21.567866
-0.000000 -21.544846
-0.000000 -21.521827
-0.000000 -21.498808
-0.000000 -21.475788
-0.000000 -21.452769
-0.000000 -21.429749
-0.000000 -21.406730
-0.000000 -21.383711
-0.000000 -21.360691
-0.000000 -21.337672
-0.000000 -21.314653
-0.000000 -21.291633
-0.000000 -21.268614
-0.000000 -21.245595
-0.000000 -21.222575
-0.000000 -21.199556
-0.000000 -21.176536
-0.000000 -21.153517
-0.000000 -21.130498
-0.000000 -21.107478
-0.000000 -21.084459
-0.000000 -21.061440
-0.000000 -21.038420
-0.000000 -21.015401
-0.000000 -20.992382
-0.000000 -20.969362
-0.000000 -20.946343
-0.000000 -20.923324
-0.000000 -20.900304
-0.000000 -20.877285
-0.000000 -20.854265
-0.000000 -20.831246
-0.000000 -20.808227
-0.000000 -20.785207
-0.000000 -20.762188
-0.000000 -20.739169
-0.000000 -20.716149
-0.000000 -20.693130
-0.000000 -20.670111
-0.000000 -20.647091
-0.000000 -20.624072
-0.000000 -20.601052
-0.000000 -20.578033
-0.000000 -20.555014
-0.000000 -20.531994
-0.000000 -20.508975
-0.000000 -20.485956
-0.000000 -20.462936
-0.000000 -20.439917
-0.000000 -20.416898
-0.000000 -20.393878
-0.000000 -20.370859
-0.000000 -20.347840
-0.000000 -20.324820
-0.000001 -20.301801
-0.000002 -20.278781
-0.000006 -20.255762
-0.000015 -20.232743
-0.000034 -20.209723
-0.000074 -20.186704
-0.000154 -20.163685
-0.000302 -20.140665
-0.000566 -20.117646
-0.001006 -20.094627
-0.001700 -20.071607
-0.002732 -20.048588
-0.004174 -20.025568
-0.006065 -20.002549
-0.008379 -19.979530
-0.011007 -19.956510
-0.013750 -19.933491
-0.016335 -19.910472
-0.018453 -19.887452
-0.019825 -19.864433
-0.020254 -19.841414
-0.019679 -19.818394
-0.018184 -19.795375
-0.015979 -19.772356
-0.013353 -19.749336
-0.010612 -19.726317
-0.008021 -19.703297
-0.005765 -19.680278
-0.003940 -19.657259
-0.002561 -19.634239
-0.001583 -19.611220
-0.000930 -19.588201
-0.000520 -19.565181
-0.000276 -19.542162
-0.000140 -19.519143
-0.000067 -19.496123
-0.000031 -19.473104
-0.000013 -19.450084
-0.000005 -19.427065
-0.000002 -19.404046
-0.000001 -19.381026
-0.000000 -19.358007
-0.000000 -19.334988
-0.000000 -19.311968
-0.000000 -19.288949
-0.000000 -19.265930
-0.000000 -19.242910
-0.000000 -19.219891
-0.000000 -19.196872
-0.000000 -19.173852
-0.000000 -19.150833
-0.000000 -19.127813
-0.000000 -19.104794
-0.000000 -19.081775
-0.000000 -19.058755
-0.000000 -19.035736
-0.000000 -19.012717
-0.000000 -18.989697
-0.000000 -18.966678
-0.000000 -18.943659
-0.000000 -18.920639
-0.000000 -18.897620
-0.000000 -18.874601
-0.000000 -18.851581
-0.000000 -18.828562
-0.000000 -18.805542
-0.000000 -18.782523
-0.000000 -18.759504
-0.000000 -18.736484
-0.000000 -18.713465
-0.000000 -18.690446
-0.000000 -18.667426
-0.000000 -18.644407
-0.000000 -18.621388
-0.000000 -18.598368
-0.000000 -18.575349
-0.000000 -18.552329
-0.000000 -18.529310
-0.000000 -18.506291
-0.000000 -18.483271
-0.000000 -18.460252
-0.000000 -18.437233
-0.000000 -18.414213
-0.000000 -18.391194
-0.000000 -18.368175
-0.000000 -18.345155
-0.000000 -18.322136
-0.000000 -18.299117
-0.000000 -18.276097
-0.000000 -18.253078
-0.000000 -18.230058
-0.000000 -18.207039
-0.000000 -18.184020
-0.000000 -18.161000
-0.000000 -18.137981
-0.000000 -18.114962
-0.000000 -18.091942
-0.000000 -18.068923
-0.000000 -18.045904
-0.000000 -18.022884
-0.000000 -17.999865
-0.000000 -17.976845
-0.000000 -17.953826
-0.000000 -17.930807
-0.000000 -17.907787
-0.000000 -17.884768
-0.000000 -17.861749
-0.000000 -17.838729
-0.000000 -17.815710
-0.000000 -17.792691
-0.000000 -17.769671
-0.000000 -17.746652
-0.000000 -17.723633
-0.000000 -17.700613
-0.000000 -17.677594
-0.000000 -17.654574
-0.000000 -17.631555
-0.000000 -17.608536
-0.000000 -17.585516
-0.000000 -17.562497
-0.000000 -17.539478
-0.000000 -17.516458
-0.000000 -17.493439
-0.000000 -17.470420
-0.000000 -17.447400
-0.000000 -17.424381
-0.000000 -17.401361
-0.000000 -17.378342
-0.000000 -17.355323
-0.000000 -17.332303
-0.000000 -17.309284
-0.000000 -17.286265
-0.000000 -17.263245
-0.000000 -17.240226
-0.000000 -17.217207
-0.000000 -17.194187
-0.000000 -17.171168
-0.000000 -17.148149
-0.000000 -17.125129
-0.000000 -17.102110
-0.000000 -17.079090
-0.000000 -17.056071
-0.000000 -17.033052
-0.000000 -17.010032
-0.000000 -16.987013
-0.000000 -16.963994
-0.000000 -16.940974
-0.000000 -16.917955
-0.000000 -16.894936
-0.000000 -16.871916
-0.000000 -16.848897
-0.000000 -16.825877
-0.000000 -16.802858
-0.000000 -16.779839
-0.000000 -16.756819
-0.000000 -16.733800
-0.000000 -16.710781
-0.000000 -16.687761
-0.000000 -16.664742
-0.000000 -16.641723
-0.000000 -16.618703
-0.000000 -16.595684
-0.000000 -16.572665
-0.000000 -16.549645
-0.000000 -16.526626
-0.000000 -16.503606
-0.000000 -16.480587
-0.000000 -16.457568
-0.000000 -16.434548
-0.000000 -16.411529
-0.000000 -16.388510
-0.000000 -16.365490
-0.000000 -16.342471
-0.000000 -16.319452
-0.000000 -16.296432
-0.000000 -16.273413
-0.000000 -16.250393
-0.000000 -16.227374
-0.000000 -16.204355
-0.000000 -16.181335
-0.000000 -16.158316
-0.000000 -16.135297
-0.000000 -16.112277
-0.000000 -16.089258
-0.000000 -16.066239
-0.000001 -16.043219
-0.000002 -16.020200
-0.000005 -15.997181
-0.000011 -15.974161
-0.000026 -15.951142
-0.000056 -15.928122
-0.000118 -15.905103
-0.000239 -15.882084
-0.000468 -15.859064
-0.000883 -15.836045
-0.001616 -15.813026
-0.002865 -15.790006
-0.004936 -15.766987
-0.008271 -15.743968
-0.013498 -15.720948
-0.021470 -15.697929
-0.033318 -15.674910
-0.050478 -15.651890
-0.074709 -15.628871
-0.108082 -15.605851
-0.152934 -15.582832
-0.211779 -15.559813
-0.287176 -15.536793
-0.381544 -15.513774
-0.496923 -15.490755
-0.634695 -15.467735
-0.795279 -15.444716
-0.977883 -15.421697
-1.180392 -15.398677
-1.399520 -15.375658
-1.631303 -15.352638
-1.871890 -15.329619
-2.118429 -15.306600
-2.369689 -15.283580
-2.626017 -15.260561
-2.888388 -15.237542
-3.156685 -15.214522
-3.427733 -15.191503
-3.693940 -15.168484
-3.943293 -15.145464
-4.161070 -15.122445
-4.332889 -15.099426
-4.448149 -15.076406
-4.502608 -15.053387
-4.499126 -15.030367
-4.446259 -15.007348
-4.355238 -14.984329
-4.236523 -14.961309
-4.097244 -14.938290
-3.940515 -14.915271
-3.766796 -14.892251
-3.576618 -14.869232
-3.373400 -14.846213
-3.165011 -14.823193
-2.963214 -14.800174
-2.781034 -14.777154
-2.628973 -14.754135
-2.511530 -14.731116
-2.425453 -14.708096
-2.360479 -14.685077
-2.302385 -14.662058
-2.237268 -14.639038
-2.155538 -14.616019
-2.054244 -14.593000
-1.937039 -14.569980
-1.812012 -14.546961
-1.688335 -14.523942
-1.573051 -14.500922
-1.469088 -14.477903
-1.375023 -14.454883
-1.286365 -14.431864
-1.197660 -14.408845
-1.104490 -14.385825
-1.004732 -14.362806
-0.898809 -14.339787
-0.789122 -14.316767
-0.679100 -14.293748
-0.572292 -14.270729
-0.471763 -14.247709
-0.379847 -14.224690
-0.298134 -14.201670
-0.227554 -14.178651
-0.168451 -14.155632
-0.120612 -14.132612
-0.083313 -14.109593
-0.055387 -14.086574
-0.035367 -14.063554
-0.021653 -14.040535
-0.012692 -14.017516
-0.007115 -13.994496
-0.003811 -13.971477
-0.001949 -13.948458
-0.000951 -13.925438
-0.000442 -13.902419
-0.000196 -13.879399
-0.000083 -13.856380
-0.000033 -13.833361
-0.000013 -13.810341
-0.000005 -13.787322
-0.000002 -13.764303
-0.000001 -13.741283
-0.000000 -13.718264
-0.000000 -13.695245
-0.000000 -13.672225
-0.000000 -13.649206
-0.000000 -13.626186
-0.000000 -13.603167
-0.000000 -13.580148
-0.000000 -13.557128
-0.000000 -13.534109
-0.000000 -13.511090
-0.000000 -13.488070
-0.000000 -13.465051
-0.000000 -13.442032
-0.000000 -13.419012
-0.000000 -13.395993
-0.000000 -13.372974
-0.000000 -13.349954
-0.000000 -13.326935
-0.000000 -13.303915
-0.000000 -13.280896
-0.000000 -13.257877
-0.000000 -13.234857
-0.000000 -13.211838
-0.000000 -13.188819
-0.000000 -13.165799
-0.000000 -13.142780
-0.000000 -13.119761
-0.000000 -13.096741
-0.000000 -13.073722
-0.000000 -13.050703
-0.000000 -13.027683
-0.000000 -13.004664
-0.000000 -12.981644
-0.000000 -12.958625
-0.000000 -12.935606
-0.000000 -12.912586
-0.000000 -12.889567
-0.000000 -12.866548
-0.000000 -12.843528
-0.000000 -12.820509
-0.000000 -12.797490
-0.000000 -12.774470
-0.000000 -12.751451
-0.000000 -12.728431
-0.000000 -12.705412
-0.000000 -12.682393
-0.000000 -12.659373
-0.000000 -12.636354
-0.000000 -12.613335
-0.000000 -12.590315
-0.000000 -12.567296
-0.000000 -12.544277
-0.000000 -12.521257
-0.000000 -12.498238
-0.000000 -12.475219
-0.000000 -12.452199
-0.000000 -12.429180
-0.000000 -12.406160
-0.000000 -12.383141
-0.000000 -12.360122
-0.000000 -12.337102
-0.000000 -12.314083
-0.000000 -12.291064
-0.000000 -12.268044
-0.000000 -12.245025
-0.000000 -12.222006
-0.000000 -12.198986
-0.000000 -12.175967
-0.000000 -12.152947
-0.000000 -12.129928
-0.000000 -12.106909
-0.000000 -12.083889
-0.000000 -12.060870
-0.000000 -12.037851
-0.000000 -12.014831
-0.000000 -11.991812
-0.000000 -11.968793
-0.000000 -11.945773
-0.000000 -11.922754
-0.000000 -11.899735
-0.000000 -11.876715
-0.000000 -11.853696
-0.000000 -11.830676
-0.000000 -11.807657
-0.000000 -11.784638
-0.000000 -11.761618
-0.000000 -11.738599
-0.000000 -11.715580
-0.000000 -11.692560
-0.000000 -11.669541
-0.000000 -11.646522
-0.000000 -11.623502
-0.000000 -11.600483
-0.000000 -11.577463
-0.000000 -11.554444
-0.000000 -11.531425
-0.000000 -11.508405
-0.000000 -11.485386
-0.000000 -11.462367
-0.000000 -11.439347
-0.000000 -11.416328
-0.000000 -11.393309
-0.000000 -11.370289
-0.000000 -11.347270
-0.000000 -11.324251
-0.000000 -11.301231
-0.000000 -11.278212
-0.000000 -11.255192
-0.000000 -11.232173
-0.000000 -11.209154
-0.000000 -11.186134
-0.000000 -11.163115
-0.000000 -11.140096
-0.000000 -11.117076
-0.000000 -11.094057
-0.000000 -11.071038
-0.000000 -11.048018
-0.000000 -11.024999
-0.000000 -11.001979
-0.000000 -10.978960
-0.000000 -10.955941
-0.000000 -10.932921
-0.000000 -10.909902
-0.000000 -10.886883
-0.000000 -10.863863
-0.000000 -10.840844
-0.000000 -10.817825
-0.000000 -10.794805
-0.000000 -10.771786
-0.000000 -10.748767
-0.000000 -10.725747
-0.000000 -10.702728
-0.000000 -10.679708
-0.000000 -10.656689
-0.000000 -10.633670
-0.000000 -10.610650
-0.000000 -10.587631
-0.000000 -10.564612
-0.000000 -10.541592
-0.000000 -10.518573
-0.000000 -10.495554
-0.000000 -10.472534
-0.000000 -10.449515
-0.000000 -10.426495
-0.000000 -10.403476
-0.000000 -10.380457
-0.000000 -10.357437
-0.000000 -10.334418
-0.000000 -10.311399
-0.000000 -10.288379
-0.000000 -10.265360
-0.000000 -10.242341
-0.000000 -10.219321
-0.000000 -10.196302
-0.000000 -10.173283
-0.000000 -10.150263
-0.000000 -10.127244
-0.000000 -10.104224
-0.000000 -10.081205
-0.000000 -10.058186
-0.000000 -10.035166
-0.000000 -10.012147
-0.000000 -9.989128
-0.000000 -9.966108
-0.000000 -9.943089
-0.000000 -9.920070
-0.000000 -9.897050
-0.000000 -9.874031
-0.000000 -9.851012
-0.000000 -9.827992
-0.000000 -9.804973
-0.000000 -9.781953
-0.000000 -9.758934
-0.000000 -9.735915
-0.000000 -9.712895
-0.000000 -9.689876
-0.000000 -9.666857
-0.000000 -9.643837
-0.000000 -9.620818
-0.000000 -9.597799
-0.000000 -9.574779
-0.000000 -9.551760
-0.000000 -9.528740
-0.000000 -9.505721
-0.000000 -9.482702
-0.000000 -9.459682
-0.000000 -9.436663
-0.000000 -9.413644
-0.000000 -9.390624
-0.000000 -9.367605
-0.000000 -9.344586
-0.000000 -9.321566
-0.000000 -9.298547
-0.000000 -9.275528
-0.000000 -9.252508
-0.000000 -9.229489
-0.000000 -9.206469
-0.000000 -9.183450
-0.000000 -9.160431
-0.000000 -9.137411
-0.000000 -9.114392
-0.000000 -9.091373
-0.000000 -9.068353
-0.000000 -9.045334
-0.000000 -9.022315
-0.000000 -8.999295
-0.000000 -8.976276
-0.000000 -8.953256
-0.000000 -8.930237
-0.000000 -8.907218
-0.000000 -8.884198
-0.000000 -8.861179
-0.000000 -8.838160
-0.000000 -8.815140
-0.000000 -8.792121
-0.000000 -8.769102
-0.000000 -8.746082
-0.000000 -8.723063
-0.000000 -8.700044
-0.000000 -8.677024
-0.000000 -8.654005
-0.000000 -8.630985
-0.000000 -8.607966
-0.000000 -8.584947
-0.000000 -8.561927
-0.000000 -8.538908
-0.000000 -8.515889
-0.000000 -8.492869
-0.000000 -8.469850
-0.000000 -8.446831
-0.000000 -8.423811
-0.000000 -8.400792
-0.000000 -8.377772
-0.000000 -8.354753
-0.000000 -8.331734
-0.000000 -8.308714
-0.000000 -8.285695
-0.000000 -8.262676
-0.000000 -8.239656
-0.000000 -8.216637
-0.000000 -8.193618
-0.000000 -8.170598
-0.000000 -8.147579
-0.000000 -8.124560
-0.000000 -8.101540
-0.000000 -8.078521
-0.000000 -8.055501
-0.000000 -8.032482
-0.000000 -8.009463
-0.000000 -7.986443
-0.000000 -7.963424
-0.000000 -7.940405
-0.000000 -7.917385
-0.000000 -7.894366
-0.000000 -7.871347
-0.000000 -7.848327
-0.000000 -7.825308
-0.000000 -7.802288
-0.000000 -7.779269
-0.000000 -7.756250
-0.000000 -7.733230
-0.000000 -7.710211
-0.000000 -7.687192
-0.000000 -7.664172
-0.000000 -7.641153
-0.000000 -7.618134
-0.000000 -7.595114
-0.000000 -7.572095
-0.000000 -7.549076
-0.000000 -7.526056
-0.000000 -7.503037
-0.000000 -7.480017
-0.000000 -7.456998
-0.000000 -7.433979
-0.000000 -7.410959
-0.000000 -7.387940
-0.000000 -7.364921
-0.000000 -7.341901
-0.000000 -7.318882
-0.000000 -7.295863
-0.000000 -7.272843
-0.000000 -7.249824
-0.000000 -7.226805
-0.000000 -7.203785
-0.000000 -7.180766
-0.000000 -7.157746
-0.000000 -7.134727
-0.000000 -7.111708
-0.000000 -7.088688
-0.000000 -7.065669
-0.000000 -7.042650
-0.000000 -7.019630
-0.000000 -6.996611
-0.000000 -6.973592
-0.000000 -6.950572
-0.000000 -6.927553
-0.000000 -6.904533
-0.000000 -6.881514
-0.000000 -6.858495
-0.000000 -6.835475
-0.000000 -6.812456
-0.000000 -6.789437
-0.000000 -6.766417
-0.000000 -6.743398
-0.000000 -6.720379
-0.000000 -6.697359
-0.000000 -6.674340
-0.000000 -6.651321
-0.000000 -6.628301
-0.000000 -6.605282
-0.000000 -6.582262
-0.000000 -6.559243
-0.000000 -6.536224
-0.000000 -6.513204
-0.000000 -6.490185
-0.000000 -6.467166
-0.000000 -6.444146
-0.000000 -6.421127
-0.000000 -6.398108
-0.000000 -6.375088
-0.000000 -6.352069
-0.000000 -6.329049
-0.000000 -6.306030
-0.000000 -6.283011
-0.000000 -6.259991
-0.000000 -6.236972
-0.000000 -6.213953
-0.000000 -6.190933
-0.000000 -6.167914
-0.000000 -6.144895
-0.000000 -6.121875
-0.000000 -6.098856
-0.000000 -6.075837
-0.000000 -6.052817
-0.000000 -6.029798
-0.000000 -6.006778
-0.000000 -5.983759
-0.000000 -5.960740
-0.000000 -5.937720
-0.000000 -5.914701
-0.000000 -5.891682
-0.000000 -5.868662
-0.000000 -5.845643
-0.000000 -5.822624
-0.000000 -5.799604
-0.000000 -5.776585
-0.000000 -5.753565
-0.000000 -5.730546
-0.000000 -5.707527
-0.000000 -5.684507
-0.000000 -5.661488
-0.000000 -5.638469
-0.000000 -5.615449
-0.000000 -5.592430
-0.000000 -5.569411
-0.000000 -5.546391
-0.000000 -5.523372
-0.000000 -5.500353
-0.000000 -5.477333
-0.000000 -5.454314
-0.000000 -5.431294
-0.000000 -5.408275
-0.000000 -5.385256
-0.000000 -5.362236
-0.000000 -5.339217
-0.000000 -5.316198
-0.000000 -5.293178
-0.000000 -5.270159
-0.000000 -5.247140
-0.000000 -5.224120
-0.000000 -5.201101
-0.000000 -5.178081
-0.000000 -5.155062
-0.000000 -5.132043
-0.000000 -5.109023
-0.000000 -5.086004
-0.000000 -5.062985
-0.000000 -5.039965
-0.000000 -5.016946
-0.000000 -4.993927
-0.000000 -4.970907
-0.000000 -4.947888
-0.000000 -4.924869
-0.000000 -4.901849
-0.000000 -4.878830
-0.000000 -4.855810
-0.000000 -4.832791
-0.000000 -4.809772
-0.000000 -4.786752
-0.000000 -4.763733
-0.000000 -4.740714
-0.000000 -4.717694
-0.000000 -4.694675
-0.000000 -4.671656
-0.000000 -4.648636
-0.000000 -4.625617
-0.000000 -4.602597
-0.000000 -4.579578
-0.000000 -4.556559
-0.000000 -4.533539
-0.000000 -4.510520
-0.000000 -4.487501
-0.000000 -4.464481
-0.000000 -4.441462
-0.000000 -4.418443
-0.000000 -4.395423
-0.000000 -4.372404
-0.000000 -4.349385
-0.000000 -4.326365
-0.000000 -4.303346
-0.000000 -4.280326
-0.000000 -4.257307
-0.000000 -4.234288
-0.000001 -4.211268
-0.000004 -4.188249
-0.000012 -4.165230
-0.000036 -4.142210
-0.000097 -4.119191
-0.000251 -4.096172
-0.000621 -4.073152
-0.001464 -4.050133
-0.003293 -4.027114
-0.007067 -4.004094
-0.014487 -3.981075
-0.028386 -3.958055
-0.053222 -3.935036
-0.095615 -3.912017
-0.164843 -3.888997
-0.273217 -3.865978
-0.436226 -3.842959
-0.672383 -3.819939
-1.002687 -3.796920
-1.449577 -3.773901
-2.035114 -3.750881
-2.778077 -3.727862
-3.689744 -3.704842
-4.768565 -3.681823
-5.994712 -3.658804
-7.326315 -3.635784
-8.699576 -3.612765
-10.034345 -3.589746
-11.245070 -3.566726
-12.254731 -3.543707
-13.007649 -3.520688
-13.476924 -3.497668
-13.664156 -3.474649
-13.592315 -3.451630
-13.295558 -3.428610
-12.810799 -3.405591
-12.174437 -3.382571
-11.424447 -3.359552
-10.605043 -3.336533
-9.769788 -3.313513
-8.980061 -3.290494
-8.298415 -3.267475
-7.778926 -3.244455
-7.457958 -3.221436
-7.348276 -3.198417
-7.437772 -3.175397
-7.692358 -3.152378
-8.061580 -3.129358
-8.485568 -3.106339
-8.902561 -3.083320
-9.256651 -3.060300
-9.505304 -3.037281
-9.625496 -3.014262
-9.616752 -2.991242
-9.499600 -2.968223
-9.309182 -2.945204
-9.085647 -2.922184
-8.864489 -2.899165
-8.670245 -2.876146
-8.515631 -2.853126
-8.405846 -2.830107
-8.345433 -2.807087
-8.344012 -2.784068
-8.417802 -2.761049
-8.585890 -2.738029
-8.862564 -2.715010
-9.248830 -2.691991
-9.726535 -2.668971
-10.257543 -2.645952
-10.788518 -2.622933
-11.260032 -2.599913
-11.617409 -2.576894
-11.820493 -2.553874
-11.850068 -2.530855
-11.709803 -2.507836
-11.423795 -2.484816
-11.030695 -2.461797
-10.575957 -2.438778
-10.103816 -2.415758
-9.650499 -2.392739
-9.239837 -2.369720
-8.882001 -2.346700
-8.575493 -2.323681
-8.311756 -2.300662
-8.081081 -2.277642
-7.878021 -2.254623
-7.704695 -2.231603
-7.570985 -2.208584
-7.491670 -2.185565
-7.481500 -2.162545
-7.549757 -2.139526
-7.695927 -2.116507
-7.907633 -2.093487
-8.161372 -2.070468
-8.425840 -2.047449
-8.667052 -2.024429
-8.854061 -2.001410
-8.963984 -1.978390
-8.985306 -1.955371
-8.918952 -1.932352
-8.777228 -1.909332
-8.581187 -1.886313
-8.357139 -1.863294
-8.132869 -1.840274
-7.933973 -1.817255
-7.780541 -1.794236
-7.684587 -1.771216
-7.648721 -1.748197
-7.666592 -1.725178
-7.725288 -1.702158
-7.809255 -1.679139
-7.904640 -1.656119
-8.002636 -1.633100
-8.100643 -1.610081
-8.200876 -1.587061
-8.307091 -1.564042
-8.420871 -1.541023
-8.539096 -1.518003
-8.653631 -1.494984
-8.753263 -1.471965
-8.826957 -1.448945
-8.867004 -1.425926
-8.870891 -1.402907
-8.841395 -1.379887
-8.785269 -1.356868
-8.711381 -1.333848
-8.629141 -1.310829
-8.547650 -1.287810
-8.475417 -1.264790
-8.420208 -1.241771
-8.388561 -1.218752
-8.384857 -1.195732
-8.410178 -1.172713
-8.461370 -1.149694
-8.530726 -1.126674
-8.606415 -1.103655
-8.673566 -1.080635
-8.715698 -1.057616
-8.716213 -1.034597
-8.659789 -1.011577
-8.533683 -0.988558
-8.329052 -0.965539
-8.042384 -0.942519
-7.676899 -0.919500
-7.243565 -0.896481
-6.761209 -0.873461
-6.255250 -0.850442
-5.754934 -0.827423
-5.289374 -0.804403
-4.883164 -0.781384
-4.552497 -0.758364
-4.302700 -0.735345
-4.127737 -0.712326
-4.011854 -0.689306
-3.933049 -0.666287
-3.867650 -0.643268
-3.794999 -0.620248
-3.701142 -0.597229
-3.580654 -0.574210
-3.436228 -0.551190
-3.276365 -0.528171
-3.112065 -0.505151
-2.953705 -0.482132
-2.809013 -0.459113
-2.682525 -0.436093
-2.576197 -0.413074
-2.490491 -0.390055
-2.425202 -0.367035
-2.379671 -0.344016
-2.352467 -0.320997
-2.340948 -0.297977
-2.341115 -0.274958
-2.348007 -0.251939
-2.356522 -0.228919
-2.362376 -0.205900
-2.362840 -0.182880
-2.357031 -0.159861
-2.345729 -0.136842
-2.330854 -0.113822
-2.314847 -0.090803
-2.300146 -0.067784
-2.288874 -0.044764
-2.282733 -0.021745
-2.282997 0.001274
-2.290492 0.024294
-2.305487 0.047313
-2.327505 0.070333
-2.355159 0.093352
-2.386140 0.116371
-2.417483 0.139391
-2.446123 0.162410
-2.469638 0.185429
-2.486985 0.208449
-2.498946 0.231468
-2.508085 0.254487
-2.518104 0.277507
-2.532751 0.300526
-2.554544 0.323545
-2.583764 0.346565
-2.618044 0.369584
-2.652726 0.392604
-2.681874 0.415623
-2.699600 0.438642
-2.701289 0.461662
-2.684357 0.484681
-2.648423 0.507700
-2.594946 0.530720
-2.526566 0.553739
-2.446402 0.576758
-2.357473 0.599778
-2.262331 0.622797
-2.162874 0.645817
-2.060291 0.668836
-1.955085 0.691855
-1.847154 0.714875
-1.735951 0.737894
-1.620716 0.760913
-1.500819 0.783933
-1.376150 0.806952
-1.247504 0.829971
-1.116849 0.852991
-0.987346 0.876010
-0.863068 0.899029
-0.748416 0.922049
-0.647364 0.945068
-0.562722 0.968088
-0.495615 0.991107
-0.445330 1.014126
-0.409551 1.037146
-0.384896 1.060165
-0.367575 1.083184
-0.354005 1.106204
-0.341231 1.129223
-0.327129 1.152242
-0.310396 1.175262
-0.290436 1.198281
-0.267201 1.221301
-0.241062 1.244320
-0.212716 1.267339
-0.183112 1.290359
-0.153368 1.313378
-0.124663 1.336397
-0.098097 1.359417
-0.074562 1.382436
-0.054630 1.405455
-0.038514 1.428475
-0.026086 1.451494
-0.016952 1.474513
-0.010556 1.497533
-0.006294 1.520552
-0.003589 1.543572
-0.001956 1.566591
-0.001019 1.589610
-0.000506 1.612630
-0.000240 1.635649
-0.000109 1.658668
-0.000047 1.681688
-0.000019 1.704707
-0.000008 1.727726
-0.000003 1.750746
-0.000001 1.773765
-0.000000 1.796784
-0.000000 1.819804
-0.000000 1.842823
-0.000000 1.865843
-0.000000 1.888862
-0.000000 1.911881
-0.000000 1.934901
-0.000000 1.957920
-0.000000 1.980939
-0.000000 2.003959
-0.000000 2.026978
-0.000000 2.049997
-0.000000 2.073017
-0.000000 2.096036
-0.000000 2.119056
-0.000000 2.142075
-0.000000 2.165094
-0.000000 2.188114
-0.000000 2.211133
-0.000000 2.234152
-0.000000 2.257172
-0.000000 2.280191
-0.000000 2.303210
-0.000000 2.326230
-0.000000 2.349249
-0.000000 2.372268
-0.000000 2.395288
-0.000000 2.418307
-0.000000 2.441327
-0.000000 2.464346
-0.000000 2.487365
-0.000000 2.510385
-0.000000 2.533404
-0.000000 2.556423
-0.000000 2.579443
-0.000000 2.602462
-0.000000 2.625481
-0.000000 2.648501
-0.000000 2.671520
-0.000000 2.694540
-0.000001 2.717559
-0.000003 2.740578
-0.000009 2.763598
-0.000026 2.786617
-0.000073 2.809636
-0.000195 2.832656
-0.000493 2.855675
-0.001190 2.878694
-0.002737 2.901714
-0.005993 2.924733
-0.012501 2.947752
-0.024838 2.970772
-0.047019 2.993791
-0.084826 3.016811
-0.145897 3.039830
-0.239365 3.062849
-0.374887 3.085869
-0.561079 3.108888
-0.803610 3.131907
-1.103527 3.154927
-1.456451 3.177946
-1.853174 3.200965
-2.281677 3.223985
-2.729987 3.247004
-3.188844 3.270024
-3.653124 3.293043
-4.121566 3.316062
-4.595188 3.339082
-5.075447 3.362101
-5.563266 3.385120
-6.059379 3.408140
-6.565467 3.431159
-7.084865 3.454178
-7.621643 3.477198
-8.177693 3.500217
-8.748592 3.523236
-9.319835 3.546256
-9.865264 3.569275
-10.348873 3.592295
-10.730152 3.615314
-10.971928 3.638333
-11.048728 3.661353
-10.953395 3.684372
-10.700042 3.707391
-10.322561 3.730411
-9.869236 3.753430
-9.395062 3.776449
-8.953598 3.799469
-8.589686 3.822488
-8.333616 3.845508
-8.197019 3.868527
-8.171117 3.891546
-8.228609 3.914566
-8.330410 3.937585
-8.437240 3.960604
-8.523723 3.983624
-8.590519 4.006643
-8.669392 4.029662
-8.817807 4.052682
-9.103383 4.075701
-9.582604 4.098720
-10.280929 4.121740
-11.181376 4.144759
-12.225784 4.167779
-13.328437 4.190798
-14.397206 4.213817
-15.354720 4.236837
-16.152172 4.259856
-16.771211 4.282875
-17.214023 4.305895
-17.486328 4.328914
-17.581042 4.351933
-17.470290 4.374953
-17.110302 4.397972
-16.458565 4.420991
-15.497467 4.444011
-14.255744 4.467030
-12.819588 4.490050
-11.328928 4.513069
-9.959504 4.536088
-8.895787 4.559108
-8.301749 4.582127
-8.295853 4.605146
-8.934104 4.628166
-10.202337 4.651185
-12.017062 4.674204
-14.233729 4.697224
-16.661511 4.720243
-19.083896 4.743263
-21.283931 4.766282
-23.071790 4.789301
-24.310942 4.812321
-24.938386 4.835340
-24.974627 4.858359
-24.520615 4.881379
-23.741357 4.904398
-22.838856 4.927417
-22.019479 4.950437
-21.462217 4.973456
-21.293992 4.996475
-21.576289 5.019495
-22.304369 5.042514
-23.417192 5.065534
-24.813868 5.088553
-26.371777 5.111572
-27.962574 5.134592
-29.464495 5.157611
-30.771723 5.180630
-31.802727 5.203650
-32.509056 5.226669
-32.884064 5.249688
-32.968775 5.272708
-32.850830 5.295727
-32.653345 5.318747
-32.513444 5.341766
-32.554232 5.364785
-32.857100 5.387805
-33.442164 5.410824
-34.262694 5.433843
-35.215284 5.456863
-36.162952 5.479882
-36.964850 5.502901
-37.505008 5.525921
-37.713506 5.548940
-37.576030 5.571959
-37.130799 5.594979
-36.454698 5.617998
-35.642481 5.641018
-34.784132 5.664037
-33.945733 5.687056
-33.158365 5.710076
-32.417618 5.733095
-31.693425 5.756114
-30.946896 5.779134
-30.148592 5.802153
-29.292231 5.825172
-28.399330 5.848192
-27.513453 5.871211
-26.686269 5.894231
-25.960365 5.917250
-25.354761 5.940269
-24.858020 5.963289
-24.431249 5.986308
-24.019862 6.009327
-23.569943 6.032347
-23.043368 6.055366
-22.426212 6.078385
-21.727449 6.101405
-20.968731 6.124424
-20.169672 6.147443
-19.334981 6.170463
-18.449033 6.193482
-17.480309 6.216502
-16.393855 6.239521
-15.166647 6.262540
-13.799687 6.285560
-12.322379 6.308579
-10.787992 6.331598
-9.262446 6.354618
-7.810667 6.377637
-6.484888 6.400656
-5.317776 6.423676
-4.321180 6.446695
-3.489447 6.469715
-2.805265 6.492734
-2.245933 6.515753
-1.788493 6.538773
-1.412980 6.561792
-1.103761 6.584811
-0.849397 6.607831
-0.641672 6.630850
-0.474386 6.653869
-0.342322 6.676889
-0.240601 6.699908
-0.164420 6.722927
-0.109080 6.745947
-0.070154 6.768966
-0.043680 6.791986
-0.026292 6.815005
-0.015279 6.838024
-0.008567 6.861044
-0.004643 6.884063
-0.002462 6.907082
-0.001340 6.930102
-0.000866 6.953121
-0.000823 6.976140
-0.001141 6.999160
-0.001867 7.022179
-0.003158 7.045198
-0.005303 7.068218
-0.008760 7.091237
-0.014240 7.114257
-0.022847 7.137276
-0.036302 7.160295
-0.057308 7.183315
-0.090088 7.206334
-0.141116 7.229353
-0.220002 7.252373
-0.340410 7.275392
-0.520774 7.298411
-0.784447 7.321431
-1.158864 7.344450
-1.673278 7.367470
-2.354784 7.390489
-3.222670 7.413508
-4.281634 7.436528
-5.515026 7.459547
-6.879848 7.482566
-8.305508 7.505586
-9.697992 7.528605
-10.950135 7.551624
-11.956995 7.574644
-12.633622 7.597663
-12.931196 7.620682
-12.847402 7.643702
-12.428158 7.666721
-11.760081 7.689741
-10.955658 7.712760
-10.134925 7.735779
-9.407949 7.758799
-8.861542 7.781818
-8.551863 7.804837
-8.502754 7.827857
-8.708345 7.850876
-9.138027 7.873895
-9.742093 7.896915
-10.457057 7.919934
-11.210404 7.942954
-11.925234 7.965973
-12.525619 7.988992
-12.943348 8.012012
-13.126026 8.035031
-13.045392 8.058050
-12.703713 8.081070
-12.135787 8.104089
-11.404882 8.127108
-10.592583 8.150128
-9.784519 8.173147
-9.055363 8.196166
-8.456814 8.219186
-8.011357 8.242205
-7.712897 8.265225
-7.533458 8.288244
-7.433667 8.311263
-7.373968 8.334283
-7.323610 8.357302
-7.265324 8.380321
-7.195023 8.403341
-7.117462 8.426360
-7.040090 8.449379
-6.967785 8.472399
-6.900547 8.495418
-6.834780 8.518438
-6.767038 8.541457
-6.697940 8.564476
-6.633960 8.587496
-6.585966 8.610515
-6.565145 8.633534
-6.578366 8.656554
-6.625315 8.679573
-6.698787 8.702592
-6.787838 8.725612
-6.882075 8.748631
-6.974839 8.771650
-7.063735 8.794670
-7.148326 8.817689
-7.226212 8.840709
-7.289445 8.863728
-7.323107 8.886747
-7.306975 8.909767
-7.220036 8.932786
-7.046498 8.955805
-6.781378 8.978825
-6.433758 9.001844
-6.026554 9.024863
-5.592745 9.047883
-5.169176 9.070902
-4.789799 9.093922
-4.480219 9.116941
-4.254712 9.139960
-4.115854 9.162980
-4.056008 9.185999
-4.059633 9.209018
-4.105728 9.232038
-4.170360 9.255057
-4.229691 9.278076
-4.263833 9.301096
-4.261187 9.324115
-4.222145 9.347134
-4.160623 9.370154
-4.102211 9.393173
-4.078789 9.416193
-4.120748 9.439212
-4.248927 9.462231
-4.468612 9.485251
-4.767299 9.508270
-5.116729 9.531289
-5.478442 9.554309
-5.811178 9.577328
-6.078183 9.600347
-6.252792 9.623367
-6.321412 9.646386
-6.283835 9.669406
-6.151462 9.692425
-5.944360 9.715444
-5.688041 9.738464
-5.410595 9.761483
-5.140451 9.784502
-4.904706 9.807522
-4.727723 9.830541
-4.629692 9.853560
-4.624925 9.876580
-4.719974 9.899599
-4.911942 9.922618
-5.187601 9.945638
-5.523891 9.968657
-5.890105 9.991677
-6.251549 10.014696
-6.574037 10.037715
-6.828277 10.060735
-6.993318 10.083754
-7.058495 10.106773
-7.023749 10.129793
-6.898518 10.152812
-6.699603 10.175831
-6.448469 10.198851
-6.168418 10.221870
-5.882041 10.244889
-5.609201 10.267909
-5.365626 10.290928
-5.162028 10.313948
-5.003542 10.336967
-4.889391 10.359986
-4.812916 10.383006
-4.762311 10.406025
-4.722390 10.429044
-4.677411 10.452064
-4.614485 10.475083
-4.526686 10.498102
-4.414920 10.521122
-4.287953 10.544141
-4.160595 10.567161
-4.050617 10.590180
-3.975275 10.613199
-3.948317 10.636219
-3.978033 10.659238
-4.066617 10.682257
-4.210782 10.705277
-4.403296 10.728296
-4.634928 10.751315
-4.896073 10.774335
-5.177368 10.797354
-5.468899 10.820373
-5.758213 10.843393
-6.028078 10.866412
-6.255430 10.889432
-6.412822 10.912451
-6.472903 10.935470
-6.415117 10.958490
-6.232601 10.981509
-5.936732 11.004528
-5.557241 11.027548
-5.137258 11.050567
-4.724429 11.073586
-4.360669 11.096606
-4.073595 11.119625
-3.872034 11.142645
-3.746593 11.165664
-3.674657 11.188683
-3.627941 11.211703
-3.580288 11.234722
-3.513683 11.257741
-3.421337 11.280761
-3.307649 11.303780
-3.185713 11.326799
-3.073425 11.349819
-2.989342 11.372838
-2.949156 11.395857
-2.963258 11.418877
-3.035456 11.441896
-3.162612 11.464916
-3.334856 11.487935
-3.536094 11.510954
-3.744754 11.533974
-3.934996 11.556993
-4.078703 11.580012
-4.148542 11.603032
-4.121950 11.626051
-3.985414 11.649070
-3.737943 11.672090
-3.392551 11.695109
-2.974968 11.718129
-2.519579 11.741148
-2.063480 11.764167
-1.640156 11.787187
-1.274356 11.810206
-0.979311 11.833225
-0.756642 11.856245
-0.598579 11.879264
-0.491539 11.902283
-0.420001 11.925303
-0.369733 11.948322
-0.329847 11.971341
-0.293517 11.994361
-0.257615 12.017380
-0.221661 12.040400
-0.186597 12.063419
-0.153744 12.086438
-0.124153 12.109458
-0.098363 12.132477
-0.076446 12.155496
-0.058181 12.178516
-0.043229 12.201535
-0.031234 12.224554
-0.021851 12.247574
-0.014743 12.270593
-0.009560 12.293613
-0.005940 12.316632
-0.003529 12.339651
-0.002001 12.362671
-0.001082 12.385690
-0.000557 12.408709
-0.000273 12.431729
-0.000127 12.454748
-0.000056 12.477767
-0.000024 12.500787
-0.000010 12.523806
-0.000004 12.546825
-0.000001 12.569845
-0.000000 12.592864
-0.000000 12.615884
-0.000000 12.638903
-0.000000 12.661922
-0.000000 12.684942
-0.000000 12.707961
-0.000000 12.730980
-0.000000 12.754000
-0.000000 12.777019
-0.000000 12.800038
-0.000000 12.823058
-0.000000 12.846077
-0.000000 12.869096
-0.000000 12.892116
-0.000000 12.915135
-0.000000 12.938155
-0.000000 12.961174
-0.000000 12.984193
-0.000000 13.007213
-0.000000 13.030232
-0.000000 13.053251
-0.000000 13.076271
-0.000000 13.099290
-0.000000 13.122309
-0.000000 13.145329
-0.000000 13.168348
-0.000000 13.191368
-0.000000 13.214387
-0.000000 13.237406
-0.000000 13.260426
-0.000000 13.283445
-0.000000 13.306464
-0.000000 13.329484
-0.000000 13.352503
-0.000000 13.375522
-0.000000 13.398542
-0.000000 13.421561
-0.000000 13.444580
-0.000000 13.467600
-0.000000 13.490619
-0.000000 13.513639
-0.000000 13.536658
-0.000000 13.559677
-0.000000 13.582697
-0.000000 13.605716
-0.000000 13.628735
-0.000000 13.651755
-0.000000 13.674774
-0.000000 13.697793
-0.000000 13.720813
-0.000000 13.743832
-0.000000 13.766852
-0.000000 13.789871
-0.000000 13.812890
-0.000000 13.835910
-0.000000 13.858929
-0.000000 13.881948
-0.000000 13.904968
-0.000000 13.927987
-0.000000 13.951006
-0.000000 13.974026
-0.000000 13.997045
-0.000000 14.020064
-0.000000 14.043084
-0.000000 14.066103
-0.000000 14.089123
-0.000000 14.112142
-0.000000 14.135161
-0.000000 14.158181
-0.000000 14.181200

