0.000000 -31.834500
0.000000 -31.811481
0.000000 -31.788461
0.000000 -31.765442
0.000000 -31.742423
0.000000 -31.719403
0.000000 -31.696384
0.000000 -31.673364
0.000000 -31.650345
0.000000 -31.627326
0.000000 -31.604306
0.000000 -31.581287
0.000000 -31.558268
0.000000 -31.535248
0.000000 -31.512229
0.000000 -31.489210
0.000000 -31.466190
0.000000 -31.443171
0.000000 -31.420152
0.000000 -31.397132
0.000000 -31.374113
0.000000 -31.351093
0.000000 -31.328074
0.000000 -31.305055
0.000000 -31.282035
0.000000 -31.259016
0.000000 -31.235997
0.000000 -31.212977
0.000000 -31.189958
0.000000 -31.166939
0.000000 -31.143919
0.000000 -31.120900
0.000000 -31.097880
0.000000 -31.074861
0.000000 -31.051842
0.000000 -31.028822
0.000000 -31.005803
0.000000 -30.982784
0.000000 -30.959764
0.000000 -30.936745
0.000000 -30.913726
0.000000 -30.890706
0.000000 -30.867687
0.000000 -30.844668
0.000000 -30.821648
0.000000 -30.798629
0.000000 -30.775609
0.000000 -30.752590
0.000000 -30.729571
0.000000 -30.706551
0.000000 -30.683532
0.000000 -30.660513
0.000000 -30.637493
0.000000 -30.614474
0.000000 -30.591455
0.000000 -30.568435
0.000000 -30.545416
0.000000 -30.522396
0.000000 -30.499377
0.000000 -30.476358
0.000000 -30.453338
0.000000 -30.430319
0.000000 -30.407300
0.000000 -30.384280
0.000000 -30.361261
0.000000 -30.338242
0.000000 -30.315222
0.000000 -30.292203
0.000000 -30.269184
0.000000 -30.246164
0.000001 -30.223145
0.000003 -30.200125
0.000009 -30.177106
0.000026 -30.154087
0.000069 -30.131067
0.000177 -30.108048
0.000433 -30.085029
0.001009 -30.062009
0.002246 -30.038990
0.004776 -30.015971
0.009711 -29.992951
0.018882 -29.969932
0.035134 -29.946913
0.062582 -29.923893
0.106761 -29.900874
0.174491 -29.877854
0.273318 -29.854835
0.410382 -29.831816
0.590733 -29.808796
0.815243 -29.785777
1.078557 -29.762758
1.367676 -29.739738
1.661850 -29.716719
1.934288 -29.693700
2.155733 -29.670680
2.299420 -29.647661
2.346301 -29.624641
2.289170 -29.601622
2.134460 -29.578603
1.901106 -29.555583
1.616717 -29.532564
1.312150 -29.509545
1.015970 -29.486525
0.750181 -29.463506
0.528071 -29.440487
0.354266 -29.417467
0.226443 -29.394448
0.137872 -29.371429
0.079944 -29.348409
0.044137 -29.325390
0.023199 -29.302370
0.011606 -29.279351
0.005526 -29.256332
0.002504 -29.233312
0.001080 -29.210293
0.000443 -29.187274
0.000173 -29.164254
0.000064 -29.141235
0.000023 -29.118216
0.000008 -29.095196
0.000002 -29.072177
0.000001 -29.049157
0.000000 -29.026138
0.000000 -29.003119
0.000000 -28.980099
0.000000 -28.957080
0.000000 -28.934061
0.000000 -28.911041
0.000000 -28.888022
0.000000 -28.865003
0.000000 -28.841983
0.000000 -28.818964
0.000000 -28.795945
0.000000 -28.772925
0.000000 -28.749906
0.000000 -28.726886
0.000000 -28.703867
0.000000 -28.680848
0.000000 -28.657828
0.000000 -28.634809
0.000000 -28.611790
0.000000 -28.588770
0.000000 -28.565751
0.000000 -28.542732
0.000000 -28.519712
0.000000 -28.496693
0.000000 -28.473673
0.000000 -28.450654
0.000000 -28.427635
0.000000 -28.404615
0.000000 -28.381596
0.000000 -28.358577
0.000000 -28.335557
0.000000 -28.312538
0.000000 -28.289519
0.000000 -28.266499
0.000000 -28.243480
0.000000 -28.220461
0.000000 -28.197441
0.000000 -28.174422
0.000000 -28.151402
0.000000 -28.128383
0.000000 -28.105364
0.000000 -28.082344
0.000000 -28.059325
0.000000 -28.036306
0.000000 -28.013286
0.000000 -27.990267
0.000000 -27.967248
0.000000 -27.944228
0.000000 -27.921209
0.000000 -27.898189
0.000000 -27.875170
0.000000 -27.852151
0.000000 -27.829131
0.000000 -27.806112
0.000000 -27.783093
0.000000 -27.760073
0.000000 -27.737054
0.000000 -27.714035
0.000000 -27.691015
0.000000 -27.667996
0.000000 -27.644977
0.000000 -27.621957
0.000000 -27.598938
0.000000 -27.575918
0.000000 -27.552899
0.000000 -27.529880
0.000000 -27.506860
0.000000 -27.483841
0.000000 -27.460822
0.000000 -27.437802
0.000000 -27.414783
0.000000 -27.391764
0.000000 -27.368744
0.000000 -27.345725
0.000000 -27.322706
0.000000 -27.299686
0.000000 -27.276667
0.000000 -27.253647
0.000000 -27.230628
0.000000 -27.207609
0.000000 -27.184589
0.000000 -27.161570
0.000000 -27.138551
0.000000 -27.115531
0.000000 -27.092512
0.000000 -27.069493
0.000000 -27.046473
0.000000 -27.023454
0.000000 -27.000434
0.000000 -26.977415
0.000000 -26.954396
0.000000 -26.931376
0.000000 -26.908357
0.000000 -26.885338
0.000000 -26.862318
0.000000 -26.839299
0.000000 -26.816280
0.000000 -26.793260
0.000000 -26.770241
0.000000 -26.747222
0.000000 -26.724202
0.000000 -26.701183
0.000000 -26.678163
0.000000 -26.655144
0.000000 -26.632125
0.000000 -26.609105
0.000000 -26.586086
0.000000 -26.563067
0.000000 -26.540047
0.000000 -26.517028
0.000000 -26.494009
0.000000 -26.470989
0.000000 -26.447970
0.000000 -26.424950
0.000000 -26.401931
0.000000 -26.378912
0.000000 -26.355892
0.000000 -26.332873
0.000000 -26.309854
0.000000 -26.286834
0.000000 -26.263815
0.000000 -26.240796
0.000000 -26.217776
0.000000 -26.194757
0.000000 -26.171738
0.000000 -26.148718
0.000000 -26.125699
0.000000 -26.102679
0.000000 -26.079660
0.000000 -26.056641
0.000000 -26.033621
0.000000 -26.010602
0.000000 -25.987583
0.000000 -25.964563
0.000000 -25.941544
0.000000 -25.918525
0.000000 -25.895505
0.000000 -25.872486
0.000000 -25.849466
0.000000 -25.826447
0.000000 -25.803428
0.000000 -25.780408
0.000000 -25.757389
0.000000 -25.734370
0.000000 -25.711350
0.000000 -25.688331
0.000000 -25.665312
0.000000 -25.642292
0.000000 -25.619273
0.000000 -25.596254
0.000000 -25.573234
0.000000 -25.550215
0.000000 -25.527195
0.000000 -25.504176
0.000000 -25.481157
0.000000 -25.458137
0.000000 -25.435118
0.000000 -25.412099
0.000000 -25.389079
0.000000 -25.366060
0.000000 -25.343041
0.000000 -25.320021
0.000000 -25.297002
0.000000 -25.273982
0.000000 -25.250963
0.000000 -25.227944
0.000000 -25.204924
0.000000 -25.181905
0.000000 -25.158886
0.000000 -25.135866
0.000000 -25.112847
0.000000 -25.089828
0.000000 -25.066808
0.000000 -25.043789
0.000000 -25.020770
0.000000 -24.997750
0.000000 -24.974731
0.000000 -24.951711
0.000000 -24.928692
0.000000 -24.905673
0.000000 -24.882653
0.000000 -24.859634
0.000000 -24.836615
0.000000 -24.813595
0.000000 -24.790576
0.000000 -24.767557
0.000000 -24.744537
0.000000 -24.721518
0.000000 -24.698498
0.000000 -24.675479
0.000000 -24.652460
0.000000 -24.629440
0.000000 -24.606421
0.000000 -24.583402
0.000000 -24.560382
0.000000 -24.537363
0.000000 -24.514344
0.000000 -24.491324
0.000000 -24.468305
0.000000 -24.445286
0.000000 -24.422266
0.000000 -24.399247
0.000000 -24.376227
0.000000 -24.353208
0.000000 -24.330189
0.000000 -24.307169
0.000000 -24.284150
0.000000 -24.261131
0.000000 -24.238111
0.000000 -24.215092
0.000000 -24.192073
0.000000 -24.169053
0.000000 -24.146034
0.000000 -24.123015
0.000000 -24.099995
0.000000 -24.076976
0.000000 -24.053956
0.000000 -24.030937
0.000000 -24.007918
0.000000 -23.984898
0.000000 -23.961879
0.000000 -23.938860
0.000000 -23.915840
0.000000 -23.892821
0.000000 -23.869802
0.000000 -23.846782
0.000000 -23.823763
0.000000 -23.800743
0.000000 -23.777724
0.000000 -23.754705
0.000000 -23.731685
0.000000 -23.708666
0.000000 -23.685647
0.000000 -23.662627
0.000000 -23.639608
0.000000 -23.616589
0.000000 -23.593569
0.000000 -23.570550
0.000000 -23.547531
0.000000 -23.524511
0.000000 -23.501492
0.000000 -23.478472
0.000000 -23.455453
0.000000 -23.432434
0.000000 -23.409414
0.000000 -23.386395
0.000000 -23.363376
0.000000 -23.340356
0.000000 -23.317337
0.000000 -23.294318
0.000000 -23.271298
0.000000 -23.248279
0.000000 -23.225259
0.000000 -23.202240
0.000000 -23.179221
0.000000 -23.156201
0.000000 -23.133182
0.000000 -23.110163
0.000000 -23.087143
0.000000 -23.064124
0.000000 -23.041105
0.000000 -23.018085
0.000000 -22.995066
0.000000 -22.972047
0.000000 -22.949027
0.000000 -22.926008
0.000000 -22.902988
0.000000 -22.879969
0.000000 -22.856950
0.000000 -22.833930
0.000000 -22.810911
0.000000 -22.787892
0.000000 -22.764872
0.000000 -22.741853
0.000000 -22.718834
0.000000 -22.695814
0.000000 -22.672795
0.000000 -22.649775
0.000000 -22.626756
0.000000 -22.603737
0.000000 -22.580717
0.000000 -22.557698
0.000000 -22.534679
0.000000 -22.511659
0.000000 -22.488640
0.000000 -22.465621
0.000000 -22.442601
0.000000 -22.419582
0.000000 -22.396563
0.000000 -22.373543
0.000000 -22.350524
0.000000 -22.327504
0.000000 -22.304485
0.000000 -22.281466
0.000000 -22.258446
0.000000 -22.235427
0.000000 -22.212408
0.000000 -22.189388
0.000000 -22.166369
0.000000 -22.143350
0.000000 -22.120330
0.000000 -22.097311
0.000000 -22.074291
0.000000 -22.051272
0.000000 -22.028253
0.000000 -22.005233
0.000000 -21.982214
0.000000 -21.959195
0.000000 -21.936175
0.000000 -21.913156
0.000000 -21.890137
0.000000 -21.867117
0.000000 -21.844098
0.000000 -21.821079
0.000000 -21.798059
0.000000 -21.775040
0.000000 -21.752020
0.000000 -21.729001
0.000000 -21.705982
0.000000 -21.682962
0.000000 -21.659943
0.000000 -21.636924
0.000000 -21.613904
0.000000 -21.590885
0.000000 -21.567866
0.000000 -21.544846
0.000000 -21.521827
0.000000 -21.498808
0.000000 -21.475788
0.000000 -21.452769
0.000000 -21.429749
0.000000 -21.406730
0.000000 -21.383711
0.000000 -21.360691
0.000000 -21.337672
0.000000 -21.314653
0.000000 -21.291633
0.000000 -21.268614
0.000000 -21.245595
0.000000 -21.222575
0.000000 -21.199556
0.000000 -21.176536
0.000000 -21.153517
0.000000 -21.130498
0.000000 -21.107478
0.000000 -21.084459
0.000000 -21.061440
0.000000 -21.038420
0.000000 -21.015401
0.000000 -20.992382
0.000000 -20.969362
0.000000 -20.946343
0.000000 -20.923324
0.000000 -20.900304
0.000000 -20.877285
0.000000 -20.854265
0.000000 -20.831246
0.000000 -20.808227
0.000000 -20.785207
0.000000 -20.762188
0.000000 -20.739169
0.000000 -20.716149
0.000000 -20.693130
0.000000 -20.670111
0.000000 -20.647091
0.000000 -20.624072
0.000000 -20.601052
0.000000 -20.578033
0.000000 -20.555014
0.000000 -20.531994
0.000000 -20.508975
0.000000 -20.485956
0.000000 -20.462936
0.000000 -20.439917
0.000000 -20.416898
0.000000 -20.393878
0.000000 -20.370859
0.000000 -20.347840
0.000001 -20.324820
0.000003 -20.301801
0.000008 -20.278781
0.000020 -20.255762
0.000047 -20.232743
0.000109 -20.209723
0.000240 -20.186704
0.000500 -20.163685
0.000990 -20.140665
0.001866 -20.117646
0.003342 -20.094627
0.005690 -20.071607
0.009213 -20.048588
0.014184 -20.025568
0.020762 -20.002549
0.028898 -19.979530
0.038245 -19.956510
0.048129 -19.933491
0.057591 -19.910472
0.065529 -19.887452
0.070898 -19.864433
0.072938 -19.841414
0.071351 -19.818394
0.066368 -19.795375
0.058699 -19.772356
0.049364 -19.749336
0.039471 -19.726317
0.030008 -19.703297
0.021691 -19.680278
0.014907 -19.657259
0.009740 -19.634239
0.006050 -19.611220
0.003573 -19.588201
0.002006 -19.565181
0.001070 -19.542162
0.000543 -19.519143
0.000262 -19.496123
0.000120 -19.473104
0.000052 -19.450084
0.000022 -19.427065
0.000009 -19.404046
0.000003 -19.381026
0.000001 -19.358007
0.000000 -19.334988
0.000000 -19.311968
0.000000 -19.288949
0.000000 -19.265930
0.000000 -19.242910
0.000000 -19.219891
0.000000 -19.196872
0.000000 -19.173852
0.000000 -19.150833
0.000000 -19.127813
0.000000 -19.104794
0.000000 -19.081775
0.000000 -19.058755
0.000000 -19.035736
0.000000 -19.012717
0.000000 -18.989697
0.000000 -18.966678
0.000000 -18.943659
0.000000 -18.920639
0.000000 -18.897620
0.000000 -18.874601
0.000000 -18.851581
0.000000 -18.828562
0.000000 -18.805542
0.000000 -18.782523
0.000000 -18.759504
0.000000 -18.736484
0.000000 -18.713465
0.000000 -18.690446
0.000000 -18.667426
0.000000 -18.644407
0.000000 -18.621388
0.000000 -18.598368
0.000000 -18.575349
0.000000 -18.552329
0.000000 -18.529310
0.000000 -18.506291
0.000000 -18.483271
0.000000 -18.460252
0.000000 -18.437233
0.000000 -18.414213
0.000000 -18.391194
0.000000 -18.368175
0.000000 -18.345155
0.000000 -18.322136
0.000000 -18.299117
0.000000 -18.276097
0.000000 -18.253078
0.000000 -18.230058
0.000000 -18.207039
0.000000 -18.184020
0.000000 -18.161000
0.000000 -18.137981
0.000000 -18.114962
0.000000 -18.091942
0.000000 -18.068923
0.000000 -18.045904
0.000000 -18.022884
0.000000 -17.999865
0.000000 -17.976845
0.000000 -17.953826
0.000000 -17.930807
0.000000 -17.907787
0.000000 -17.884768
0.000000 -17.861749
0.000000 -17.838729
0.000000 -17.815710
0.000000 -17.792691
0.000000 -17.769671
0.000000 -17.746652
0.000000 -17.723633
0.000000 -17.700613
0.000000 -17.677594
0.000000 -17.654574
0.000000 -17.631555
0.000000 -17.608536
0.000000 -17.585516
0.000000 -17.562497
0.000000 -17.539478
0.000000 -17.516458
0.000000 -17.493439
0.000000 -17.470420
0.000000 -17.447400
0.000000 -17.424381
0.000000 -17.401361
0.000000 -17.378342
0.000000 -17.355323
0.000000 -17.332303
0.000000 -17.309284
0.000000 -17.286265
0.000000 -17.263245
0.000000 -17.240226
0.000000 -17.217207
0.000000 -17.194187
0.000000 -17.171168
0.000000 -17.148149
0.000000 -17.125129
0.000000 -17.102110
0.000000 -17.079090
0.000000 -17.056071
0.000000 -17.033052
0.000000 -17.010032
0.000000 -16.987013
0.000000 -16.963994
0.000000 -16.940974
0.000000 -16.917955
0.000000 -16.894936
0.000000 -16.871916
0.000000 -16.848897
0.000000 -16.825877
0.000000 -16.802858
0.000000 -16.779839
0.000000 -16.756819
0.000000 -16.733800
0.000000 -16.710781
0.000000 -16.687761
0.000000 -16.664742
0.000000 -16.641723
0.000000 -16.618703
0.000000 -16.595684
0.000000 -16.572665
0.000000 -16.549645
0.000000 -16.526626
0.000000 -16.503606
0.000000 -16.480587
0.000000 -16.457568
0.000000 -16.434548
0.000000 -16.411529
0.000000 -16.388510
0.000000 -16.365490
0.000000 -16.342471
0.000000 -16.319452
0.000000 -16.296432
0.000000 -16.273413
0.000000 -16.250393
0.000000 -16.227374
0.000000 -16.204355
0.000000 -16.181335
0.000000 -16.158316
0.000000 -16.135297
0.000000 -16.112277
0.000000 -16.089258
0.000000 -16.066239
0.000000 -16.043219
0.000000 -16.020200
0.000000 -15.997181
0.000000 -15.974161
0.000000 -15.951142
0.000001 -15.928122
0.000003 -15.905103
0.000008 -15.882084
0.000018 -15.859064
0.000039 -15.836045
0.000081 -15.813026
0.000161 -15.790006
0.000307 -15.766987
0.000559 -15.743968
0.000972 -15.720948
0.001618 -15.697929
0.002579 -15.674910
0.003947 -15.651890
0.005808 -15.628871
0.008235 -15.605851
0.011276 -15.582832
0.014947 -15.559813
0.019230 -15.536793
0.024076 -15.513774
0.029408 -15.490755
0.035125 -15.467735
0.041109 -15.444716
0.047230 -15.421697
0.053343 -15.398677
0.059303 -15.375658
0.064973 -15.352638
0.070240 -15.329619
0.075040 -15.306600
0.079370 -15.283580
0.083304 -15.260561
0.086986 -15.237542
0.090613 -15.214522
0.094396 -15.191503
0.098526 -15.168484
0.103139 -15.145464
0.108301 -15.122445
0.114006 -15.099426
0.120184 -15.076406
0.126700 -15.053387
0.133351 -15.030367
0.139845 -15.007348
0.145790 -14.984329
0.150720 -14.961309
0.154155 -14.938290
0.155724 -14.915271
0.155306 -14.892251
0.153137 -14.869232
0.149859 -14.846213
0.146430 -14.823193
0.143939 -14.800174
0.143330 -14.777154
0.145133 -14.754135
0.149281 -14.731116
0.155076 -14.708096
0.161340 -14.685077
0.166700 -14.662058
0.169947 -14.639038
0.170337 -14.616019
0.167766 -14.593000
0.162749 -14.569980
0.156233 -14.546961
0.149300 -14.523942
0.142876 -14.500922
0.137507 -14.477903
0.133287 -14.454883
0.129908 -14.431864
0.126803 -14.408845
0.123321 -14.385825
0.118876 -14.362806
0.113052 -14.339787
0.105654 -14.316767
0.096707 -14.293748
0.086446 -14.270729
0.075267 -14.247709
0.063676 -14.224690
0.052225 -14.201670
0.041439 -14.178651
0.031748 -14.155632
0.023445 -14.132612
0.016663 -14.109593
0.011382 -14.086574
0.007463 -14.063554
0.004693 -14.040535
0.002827 -14.017516
0.001630 -13.994496
0.000899 -13.971477
0.000474 -13.948458
0.000239 -13.925438
0.000115 -13.902419
0.000053 -13.879399
0.000023 -13.856380
0.000010 -13.833361
0.000004 -13.810341
0.000001 -13.787322
0.000001 -13.764303
0.000000 -13.741283
0.000000 -13.718264
0.000000 -13.695245
0.000000 -13.672225
0.000000 -13.649206
0.000000 -13.626186
0.000000 -13.603167
0.000000 -13.580148
0.000000 -13.557128
0.000000 -13.534109
0.000000 -13.511090
0.000000 -13.488070
0.000000 -13.465051
0.000000 -13.442032
0.000000 -13.419012
0.000000 -13.395993
0.000000 -13.372974
0.000000 -13.349954
0.000000 -13.326935
0.000000 -13.303915
0.000000 -13.280896
0.000000 -13.257877
0.000000 -13.234857
0.000000 -13.211838
0.000000 -13.188819
0.000000 -13.165799
0.000000 -13.142780
0.000000 -13.119761
0.000000 -13.096741
0.000000 -13.073722
0.000000 -13.050703
0.000000 -13.027683
0.000000 -13.004664
0.000000 -12.981644
0.000000 -12.958625
0.000000 -12.935606
0.000000 -12.912586
0.000000 -12.889567
0.000000 -12.866548
0.000000 -12.843528
0.000000 -12.820509
0.000000 -12.797490
0.000000 -12.774470
0.000000 -12.751451
0.000000 -12.728431
0.000000 -12.705412
0.000000 -12.682393
0.000000 -12.659373
0.000000 -12.636354
0.000000 -12.613335
0.000000 -12.590315
0.000000 -12.567296
0.000000 -12.544277
0.000000 -12.521257
0.000000 -12.498238
0.000000 -12.475219
0.000000 -12.452199
0.000000 -12.429180
0.000000 -12.406160
0.000000 -12.383141
0.000000 -12.360122
0.000000 -12.337102
0.000000 -12.314083
0.000000 -12.291064
0.000000 -12.268044
0.000000 -12.245025
0.000000 -12.222006
0.000000 -12.198986
0.000000 -12.175967
0.000000 -12.152947
0.000000 -12.129928
0.000000 -12.106909
0.000000 -12.083889
0.000000 -12.060870
0.000000 -12.037851
0.000000 -12.014831
0.000000 -11.991812
0.000000 -11.968793
0.000000 -11.945773
0.000000 -11.922754
0.000000 -11.899735
0.000000 -11.876715
0.000000 -11.853696
0.000000 -11.830676
0.000000 -11.807657
0.000000 -11.784638
0.000000 -11.761618
0.000000 -11.738599
0.000000 -11.715580
0.000000 -11.692560
0.000000 -11.669541
0.000000 -11.646522
0.000000 -11.623502
0.000000 -11.600483
0.000000 -11.577463
0.000000 -11.554444
0.000000 -11.531425
0.000000 -11.508405
0.000000 -11.485386
0.000000 -11.462367
0.000000 -11.439347
0.000000 -11.416328
0.000000 -11.393309
0.000000 -11.370289
0.000000 -11.347270
0.000000 -11.324251
0.000000 -11.301231
0.000000 -11.278212
0.000000 -11.255192
0.000000 -11.232173
0.000000 -11.209154
0.000000 -11.186134
0.000000 -11.163115
0.000000 -11.140096
0.000000 -11.117076
0.000000 -11.094057
0.000000 -11.071038
0.000000 -11.048018
0.000000 -11.024999
0.000000 -11.001979
0.000000 -10.978960
0.000000 -10.955941
0.000000 -10.932921
0.000000 -10.909902
0.000000 -10.886883
0.000000 -10.863863
0.000000 -10.840844
0.000000 -10.817825
0.000000 -10.794805
0.000000 -10.771786
0.000000 -10.748767
0.000000 -10.725747
0.000000 -10.702728
0.000000 -10.679708
0.000000 -10.656689
0.000000 -10.633670
0.000000 -10.610650
0.000000 -10.587631
0.000000 -10.564612
0.000000 -10.541592
0.000000 -10.518573
0.000000 -10.495554
0.000000 -10.472534
0.000000 -10.449515
0.000000 -10.426495
0.000000 -10.403476
0.000000 -10.380457
0.000000 -10.357437
0.000000 -10.334418
0.000000 -10.311399
0.000000 -10.288379
0.000000 -10.265360
0.000000 -10.242341
0.000000 -10.219321
0.000000 -10.196302
0.000000 -10.173283
0.000000 -10.150263
0.000000 -10.127244
0.000000 -10.104224
0.000000 -10.081205
0.000000 -10.058186
0.000000 -10.035166
0.000000 -10.012147
0.000000 -9.989128
0.000000 -9.966108
0.000000 -9.943089
0.000000 -9.920070
0.000000 -9.897050
0.000000 -9.874031
0.000000 -9.851012
0.000000 -9.827992
0.000000 -9.804973
0.000000 -9.781953
0.000000 -9.758934
0.000000 -9.735915
0.000000 -9.712895
0.000000 -9.689876
0.000000 -9.666857
0.000000 -9.643837
0.000000 -9.620818
0.000000 -9.597799
0.000000 -9.574779
0.000000 -9.551760
0.000000 -9.528740
0.000000 -9.505721
0.000000 -9.482702
0.000000 -9.459682
0.000000 -9.436663
0.000000 -9.413644
0.000000 -9.390624
0.000000 -9.367605
0.000000 -9.344586
0.000000 -9.321566
0.000000 -9.298547
0.000000 -9.275528
0.000000 -9.252508
0.000000 -9.229489
0.000000 -9.206469
0.000000 -9.183450
0.000000 -9.160431
0.000000 -9.137411
0.000000 -9.114392
0.000000 -9.091373
0.000000 -9.068353
0.000000 -9.045334
0.000000 -9.022315
0.000000 -8.999295
0.000000 -8.976276
0.000000 -8.953256
0.000000 -8.930237
0.000000 -8.907218
0.000000 -8.884198
0.000000 -8.861179
0.000000 -8.838160
0.000000 -8.815140
0.000000 -8.792121
0.000000 -8.769102
0.000000 -8.746082
0.000000 -8.723063
0.000000 -8.700044
0.000000 -8.677024
0.000000 -8.654005
0.000000 -8.630985
0.000000 -8.607966
0.000000 -8.584947
0.000000 -8.561927
0.000000 -8.538908
0.000000 -8.515889
0.000000 -8.492869
0.000000 -8.469850
0.000000 -8.446831
0.000000 -8.423811
0.000000 -8.400792
0.000000 -8.377772
0.000000 -8.354753
0.000000 -8.331734
0.000000 -8.308714
0.000000 -8.285695
0.000000 -8.262676
0.000000 -8.239656
0.000000 -8.216637
0.000000 -8.193618
0.000000 -8.170598
0.000000 -8.147579
0.000000 -8.124560
0.000000 -8.101540
0.000000 -8.078521
0.000000 -8.055501
0.000000 -8.032482
0.000000 -8.009463
0.000000 -7.986443
0.000000 -7.963424
0.000000 -7.940405
0.000000 -7.917385
0.000000 -7.894366
0.000000 -7.871347
0.000000 -7.848327
0.000000 -7.825308
0.000000 -7.802288
0.000000 -7.779269
0.000000 -7.756250
0.000000 -7.733230
0.000000 -7.710211
0.000000 -7.687192
0.000000 -7.664172
0.000000 -7.641153
0.000000 -7.618134
0.000000 -7.595114
0.000000 -7.572095
0.000000 -7.549076
0.000000 -7.526056
0.000000 -7.503037
0.000000 -7.480017
0.000000 -7.456998
0.000000 -7.433979
0.000000 -7.410959
0.000000 -7.387940
0.000000 -7.364921
0.000000 -7.341901
0.000000 -7.318882
0.000000 -7.295863
0.000000 -7.272843
0.000000 -7.249824
0.000000 -7.226805
0.000000 -7.203785
0.000000 -7.180766
0.000000 -7.157746
0.000000 -7.134727
0.000000 -7.111708
0.000000 -7.088688
0.000000 -7.065669
0.000000 -7.042650
0.000000 -7.019630
0.000000 -6.996611
0.000000 -6.973592
0.000000 -6.950572
0.000000 -6.927553
0.000000 -6.904533
0.000000 -6.881514
0.000000 -6.858495
0.000000 -6.835475
0.000000 -6.812456
0.000000 -6.789437
0.000000 -6.766417
0.000000 -6.743398
0.000000 -6.720379
0.000000 -6.697359
0.000000 -6.674340
0.000000 -6.651321
0.000000 -6.628301
0.000000 -6.605282
0.000000 -6.582262
0.000000 -6.559243
0.000000 -6.536224
0.000000 -6.513204
0.000000 -6.490185
0.000000 -6.467166
0.000000 -6.444146
0.000000 -6.421127
0.000000 -6.398108
0.000000 -6.375088
0.000000 -6.352069
0.000000 -6.329049
0.000000 -6.306030
0.000000 -6.283011
0.000000 -6.259991
0.000000 -6.236972
0.000000 -6.213953
0.000000 -6.190933
0.000000 -6.167914
0.000000 -6.144895
0.000000 -6.121875
0.000000 -6.098856
0.000000 -6.075837
0.000000 -6.052817
0.000000 -6.029798
0.000000 -6.006778
0.000000 -5.983759
0.000000 -5.960740
0.000000 -5.937720
0.000000 -5.914701
0.000000 -5.891682
0.000000 -5.868662
0.000000 -5.845643
0.000000 -5.822624
0.000000 -5.799604
0.000000 -5.776585
0.000000 -5.753565
0.000000 -5.730546
0.000000 -5.707527
0.000000 -5.684507
0.000000 -5.661488
0.000000 -5.638469
0.000000 -5.615449
0.000000 -5.592430
0.000000 -5.569411
0.000000 -5.546391
0.000000 -5.523372
0.000000 -5.500353
0.000000 -5.477333
0.000000 -5.454314
0.000000 -5.431294
0.000000 -5.408275
0.000000 -5.385256
0.000000 -5.362236
0.000000 -5.339217
0.000000 -5.316198
0.000000 -5.293178
0.000000 -5.270159
0.000000 -5.247140
0.000000 -5.224120
0.000000 -5.201101
0.000000 -5.178081
0.000000 -5.155062
0.000000 -5.132043
0.000000 -5.109023
0.000000 -5.086004
0.000000 -5.062985
0.000000 -5.039965
0.000000 -5.016946
0.000000 -4.993927
0.000000 -4.970907
0.000000 -4.947888
0.000000 -4.924869
0.000000 -4.901849
0.000000 -4.878830
0.000000 -4.855810
0.000000 -4.832791
0.000000 -4.809772
0.000000 -4.786752
0.000000 -4.763733
0.000000 -4.740714
0.000000 -4.717694
0.000000 -4.694675
0.000000 -4.671656
0.000000 -4.648636
0.000000 -4.625617
0.000000 -4.602597
0.000000 -4.579578
0.000000 -4.556559
0.000000 -4.533539
0.000000 -4.510520
0.000000 -4.487501
0.000000 -4.464481
0.000000 -4.441462
0.000000 -4.418443
0.000000 -4.395423
0.000000 -4.372404
0.000000 -4.349385
0.000000 -4.326365
0.000000 -4.303346
0.000000 -4.280326
0.000000 -4.257307
0.000001 -4.234288
0.000003 -4.211268
0.000008 -4.188249
0.000024 -4.165230
0.000069 -4.142210
0.000189 -4.119191
0.000494 -4.096172
0.001229 -4.073152
0.002916 -4.050133
0.006601 -4.027114
0.014269 -4.004094
0.029468 -3.981075
0.058189 -3.958055
0.109978 -3.935036
0.199183 -3.912017
0.346163 -3.888997
0.578189 -3.865978
0.929774 -3.842959
1.442164 -3.819939
2.161774 -3.796920
3.137336 -3.773901
4.415425 -3.750881
6.034014 -3.727862
8.013841 -3.704842
10.348174 -3.681823
12.992810 -3.658804
15.859616 -3.635784
18.817665 -3.612765
21.705033 -3.589746
24.351243 -3.566726
26.605941 -3.543707
28.365692 -3.520688
29.589856 -3.497668
30.299753 -3.474649
30.561518 -3.451630
30.459647 -3.428610
30.071789 -3.405591
29.454094 -3.382571
28.641198 -3.359552
27.658349 -3.336533
26.538589 -3.313513
25.336945 -3.290494
24.135937 -3.267475
23.040550 -3.244455
22.164196 -3.221436
21.609212 -3.198417
21.446174 -3.175397
21.696465 -3.152378
22.322389 -3.129358
23.228482 -3.106339
24.275830 -3.083320
25.308039 -3.060300
26.183496 -3.037281
26.805408 -3.014262
27.140382 -2.991242
27.219298 -2.968223
27.120191 -2.945204
26.939651 -2.922184
26.763796 -2.899165
26.649911 -2.876146
26.624978 -2.853126
26.699697 -2.830107
26.889616 -2.807087
27.231851 -2.784068
27.787972 -2.761049
28.629928 -2.738029
29.813445 -2.715010
31.348999 -2.691991
33.181816 -2.668971
35.189275 -2.645952
37.197870 -2.622933
39.015183 -2.599913
40.467547 -2.576894
41.432696 -2.553874
41.858948 -2.530855
41.767190 -2.507836
41.237185 -2.484816
40.383796 -2.461797
39.330428 -2.438778
38.186266 -2.415758
37.031659 -2.392739
35.913333 -2.369720
34.848809 -2.346700
33.837763 -2.323681
32.876814 -2.300662
31.973530 -2.277642
31.155403 -2.254623
30.470708 -2.231603
29.980493 -2.208584
29.743884 -2.185565
29.801188 -2.162545
30.160123 -2.139526
30.789453 -2.116507
31.621843 -2.093487
32.564990 -2.070468
33.517804 -2.047449
34.387340 -2.024429
35.102464 -2.001410
35.621661 -1.978390
35.934466 -1.955371
36.057925 -1.932352
36.030455 -1.909332
35.905192 -1.886313
35.743572 -1.863294
35.608623 -1.840274
35.557096 -1.817255
35.630652 -1.794236
35.848110 -1.771216
36.202029 -1.748197
36.662351 -1.725178
37.187334 -1.702158
37.738566 -1.679139
38.294291 -1.656119
38.855197 -1.633100
39.439612 -1.610081
40.069646 -1.587061
40.754038 -1.564042
41.475281 -1.541023
42.186926 -1.518003
42.822692 -1.494984
43.313975 -1.471965
43.609077 -1.448945
43.687269 -1.425926
43.563598 -1.402907
43.284481 -1.379887
42.917560 -1.356868
42.540411 -1.333848
42.231445 -1.310829
42.063746 -1.287810
42.100417 -1.264790
42.389457 -1.241771
42.957386 -1.218752
43.802795 -1.195732
44.892342 -1.172713
46.161575 -1.149694
47.521287 -1.126674
48.867964 -1.103655
50.095351 -1.080635
51.104117 -1.057616
51.807887 -1.034597
52.136017 -1.011577
52.035132 -0.988558
51.471995 -0.965539
50.439276 -0.942519
48.963708 -0.919500
47.113773 -0.896481
45.002696 -0.873461
42.782883 -0.850442
40.630105 -0.827423
38.719023 -0.804403
37.194677 -0.781384
36.146347 -0.758364
35.590042 -0.735345
35.464212 -0.712326
35.640453 -0.689306
35.947872 -0.666287
36.206628 -0.643268
36.263703 -0.620248
36.022772 -0.597229
35.460998 -0.574210
34.628850 -0.551190
33.633825 -0.528171
32.613679 -0.505151
31.707338 -0.482132
31.031207 -0.459113
30.665398 -0.436093
30.650277 -0.413074
30.990505 -0.390055
31.662757 -0.367035
32.624101 -0.344016
33.819597 -0.320997
35.188773 -0.297977
36.670740 -0.274958
38.207405 -0.251939
39.744318 -0.228919
41.229436 -0.205900
42.611394 -0.182880
43.839610 -0.159861
44.868212 -0.136842
45.664152 -0.113822
46.217691 -0.090803
46.551680 -0.067784
46.725532 -0.044764
46.830834 -0.021745
46.977826 0.001274
47.274822 0.024294
47.805174 0.047313
48.607735 0.070333
49.666556 0.093352
50.913611 0.116371
52.245142 0.139391
53.548593 0.162410
54.733910 0.185429
55.761201 0.208449
56.656941 0.231468
57.513360 0.254487
58.470014 0.277507
59.681667 0.300526
61.280979 0.323545
63.346281 0.346565
65.883117 0.369584
68.823615 0.392604
72.041952 0.415623
75.379534 0.438642
78.671859 0.461662
81.770556 0.484681
84.557654 0.507700
86.952569 0.530720
88.914123 0.553739
90.439515 0.576758
91.560581 0.599778
92.336173 0.622797
92.839217 0.645817
93.138346 0.668836
93.276407 0.691855
93.250784 0.714875
93.002240 0.737894
92.418965 0.760913
91.359822 0.783933
89.695451 0.806952
87.358830 0.829971
84.390711 0.852991
80.963054 0.876010
77.367594 0.899029
73.966787 0.922049
71.117447 0.945068
69.088172 0.968088
67.995269 0.991107
67.776296 1.014126
68.207600 1.037146
68.957516 1.060165
69.656247 1.083184
69.960769 1.106204
69.598743 1.129223
68.386028 1.152242
66.223040 1.175262
63.081479 1.198281
58.992815 1.221301
54.044528 1.244320
48.382643 1.267339
42.213448 1.290359
35.796131 1.313378
29.421642 1.336397
23.379429 1.359417
17.919621 1.382436
13.220880 1.405455
9.372536 1.428475
6.374729 1.451494
4.154513 1.474513
2.591606 1.497533
1.546046 1.520552
0.881373 1.543572
0.479861 1.566591
0.249384 1.589610
0.123662 1.612630
0.058487 1.635649
0.026377 1.658668
0.011340 1.681688
0.004646 1.704707
0.001814 1.727726
0.000675 1.750746
0.000239 1.773765
0.000081 1.796784
0.000026 1.819804
0.000008 1.842823
0.000002 1.865843
0.000001 1.888862
0.000000 1.911881
0.000000 1.934901
0.000000 1.957920
0.000000 1.980939
0.000000 2.003959
0.000000 2.026978
0.000000 2.049997
0.000000 2.073017
0.000000 2.096036
0.000000 2.119056
0.000000 2.142075
0.000000 2.165094
0.000000 2.188114
0.000000 2.211133
0.000000 2.234152
0.000000 2.257172
0.000000 2.280191
0.000000 2.303210
0.000000 2.326230
0.000000 2.349249
0.000000 2.372268
0.000000 2.395288
0.000000 2.418307
0.000000 2.441327
0.000000 2.464346
0.000000 2.487365
0.000000 2.510385
0.000000 2.533404
0.000000 2.556423
0.000000 2.579443
0.000000 2.602462
0.000000 2.625481
0.000000 2.648501
0.000000 2.671520
0.000000 2.694540
0.000000 2.717559
0.000000 2.740578
0.000000 2.763598
0.000000 2.786617
0.000001 2.809636
0.000003 2.832656
0.000006 2.855675
0.000016 2.878694
0.000037 2.901714
0.000083 2.924733
0.000178 2.947752
0.000362 2.970772
0.000704 2.993791
0.001311 3.016811
0.002339 3.039830
0.004003 3.062849
0.006589 3.085869
0.010451 3.108888
0.016016 3.131907
0.023780 3.154927
0.034316 3.177946
0.048271 3.200965
0.066376 3.223985
0.089445 3.247004
0.118372 3.270024
0.154132 3.293043
0.197784 3.316062
0.250497 3.339082
0.313555 3.362101
0.388306 3.385120
0.475977 3.408140
0.577309 3.431159
0.692047 3.454178
0.818414 3.477198
0.952798 3.500217
1.089874 3.523236
1.223258 3.546256
1.346631 3.569275
1.455035 3.592295
1.545940 3.615314
1.619689 3.638333
1.679117 3.661353
1.728377 3.684372
1.771346 3.707391
1.810163 3.730411
1.844472 3.753430
1.871716 3.776449
1.888412 3.799469
1.891897 3.822488
1.881820 3.845508
1.860755 3.868527
1.833792 3.891546
1.807479 3.914566
1.788829 3.937585
1.784996 3.960604
1.803720 3.983624
1.854046 4.006643
1.946501 4.029662
2.092068 4.052682
2.299913 4.075701
2.574539 4.098720
2.913453 4.121740
3.306344 4.144759
3.736138 4.167779
4.181553 4.190798
4.620112 4.213817
5.030547 4.236837
5.393848 4.259856
5.692997 4.282875
5.912034 4.305895
6.035470 4.328914
6.048952 4.351933
5.941513 4.374953
5.709097 4.397972
5.358418 4.420991
4.909915 4.444011
4.398709 4.467030
3.872927 4.490050
3.389420 4.513069
3.007563 4.536088
2.782187 4.559108
2.756813 4.582127
2.958151 4.605146
3.392527 4.628166
4.044554 4.651185
4.878136 4.674204
5.839663 4.697224
6.863077 4.720243
7.876345 4.743263
8.808739 4.766282
9.598295 4.789301
10.198796 4.812321
10.585590 4.835340
10.759414 4.858359
10.747328 4.881379
10.599916 4.904398
10.384456 4.927417
10.174654 4.950437
10.038658 4.973456
10.027889 4.996475
10.169304 5.019495
10.462888 5.042514
10.884617 5.065534
11.393562 5.088553
11.940770 5.111572
12.477546 5.134592
12.961619 5.157611
13.361006 5.180630
13.656297 5.203650
13.842369 5.226669
13.929842 5.249688
13.945651 5.272708
13.931357 5.295727
13.937956 5.318747
14.016972 5.341766
14.209219 5.364785
14.533994 5.387805
14.981970 5.410824
15.514308 5.433843
16.068779 5.456863
16.571558 5.479882
16.951700 5.502901
17.154639 5.525921
17.151549 5.548940
16.942777 5.571959
16.555218 5.594979
16.034927 5.617998
15.437147 5.641018
14.816167 5.664037
14.217140 5.687056
13.671257 5.710076
13.194757 5.733095
12.791204 5.756114
12.455637 5.779134
12.178829 5.802153
11.950164 5.825172
11.758481 5.848192
11.591289 5.871211
11.433604 5.894231
11.267802 5.917250
11.075337 5.940269
10.840165 5.963289
10.552775 5.986308
10.213231 6.009327
9.831839 6.032347
9.426810 6.055366
9.019333 6.078385
8.627372 6.101405
8.260059 6.124424
7.914462 6.147443
7.575923 6.170463
7.222029 6.193482
6.829140 6.216502
6.379478 6.239521
5.866589 6.262540
5.297552 6.285560
4.691443 6.308579
4.074803 6.331598
3.475752 6.354618
2.918554 6.377637
2.420008 6.400656
1.988202 6.423676
1.623383 6.446695
1.320140 6.469715
1.070005 6.492734
0.863746 6.515753
0.692948 6.538773
0.550811 6.561792
0.432286 6.584811
0.333796 6.607831
0.252774 6.630850
0.187201 6.653869
0.135267 6.676889
0.095179 6.699908
0.065108 6.722927
0.043237 6.745947
0.027841 6.768966
0.017370 6.791986
0.010506 6.815005
0.006191 6.838024
0.003621 6.861044
0.002224 6.884063
0.001626 6.907082
0.001617 6.930102
0.002114 6.953121
0.003129 6.976140
0.004744 6.999160
0.007072 7.022179
0.010228 7.045198
0.014314 7.068218
0.019408 7.091237
0.025599 7.114257
0.033056 7.137276
0.042143 7.160295
0.053566 7.183315
0.068546 7.206334
0.088982 7.229353
0.117606 7.252373
0.158077 7.275392
0.214989 7.298411
0.293725 7.321431
0.400081 7.344450
0.539616 7.367470
0.716713 7.390489
0.933437 7.413508
1.188389 7.436528
1.475803 7.459547
1.785151 7.482566
2.101507 7.505586
2.406751 7.528605
2.681567 7.551624
2.908039 7.574644
3.072423 7.597663
3.167622 7.620682
3.194794 7.643702
3.163628 7.666721
3.091088 7.689741
2.998708 7.712760
2.908969 7.735779
2.841504 7.758799
2.809988 7.781818
2.820389 7.804837
2.870906 7.827857
2.953449 7.850876
3.056145 7.873895
3.166084 7.896915
3.271578 7.919934
3.363455 7.942954
3.435301 7.965973
3.482991 7.988992
3.504047 8.012012
3.497324 8.035031
3.463242 8.058050
3.404406 8.081070
3.326169 8.104089
3.236675 8.127108
3.146106 8.150128
3.065210 8.173147
3.003506 8.196166
2.967692 8.219186
2.960738 8.242205
2.981913 8.265225
3.027718 8.288244
3.093414 8.311263
3.174634 8.334283
3.268493 8.357302
3.373726 8.380321
3.489704 8.403341
3.614636 8.426360
3.743727 8.449379
3.868236 8.472399
3.976199 8.495418
4.054925 8.518438
4.094581 8.541457
4.091572 8.564476
4.050376 8.587496
3.983009 8.610515
3.906276 8.633534
3.837774 8.656554
3.792021 8.679573
3.777863 8.702592
3.797606 8.725612
3.847654 8.748631
3.919965 8.771650
4.003647 8.794670
4.086292 8.817689
4.155010 8.840709
4.197361 8.863728
4.202432 8.886747
4.162164 8.909767
4.072817 8.932786
3.936248 8.955805
3.760558 8.978825
3.559701 9.001844
3.351934 9.024863
3.157312 9.047883
2.994862 9.070902
2.880138 9.093922
2.823724 9.116941
2.830747 9.139960
2.901039 9.162980
3.029333 9.185999
3.205145 9.209018
3.412530 9.232038
3.630478 9.255057
3.834823 9.278076
4.002132 9.301096
4.115049 9.324115
4.167632 9.347134
4.168691 9.370154
4.141505 9.393173
4.119360 9.416193
4.137841 9.439212
4.225942 9.462231
4.398568 9.485251
4.652502 9.508270
4.966823 9.531289
5.307379 9.554309
5.633870 9.577328
5.907567 9.600347
6.097860 9.623367
6.186456 9.646386
6.168839 9.669406
6.053329 9.692425
5.858507 9.715444
5.609925 9.738464
5.336872 9.761483
5.069701 9.784502
4.837814 9.807522
4.668132 9.830541
4.583651 9.853560
4.601792 9.876580
4.732538 9.899599
4.976770 9.922618
5.325450 9.945638
5.760269 9.968657
6.255911 9.991677
6.783478 10.014696
7.314150 10.037715
7.822082 10.060735
8.285947 10.083754
8.689195 10.106773
9.019643 10.129793
9.269169 10.152812
9.434044 10.175831
9.515853 10.198851
9.522517 10.221870
9.468664 10.244889
9.374780 10.267909
9.264920 10.290928
9.163271 10.313948
9.090222 10.336967
9.058824 10.359986
9.072500 10.383006
9.124610 10.406025
9.200064 10.429044
9.278663 10.452064
9.339413 10.475083
9.364840 10.498102
9.344383 10.521122
9.276209 10.544141
9.167190 10.567161
9.031170 10.590180
8.885999 10.613199
8.750013 10.636219
8.638750 10.659238
8.562552 10.682257
8.525443 10.705277
8.525192 10.728296
8.554157 10.751315
8.600350 10.774335
8.648373 10.797354
8.680269 10.820373
8.676672 10.843393
8.618685 10.866412
8.490616 10.889432
8.283134 10.912451
7.996005 10.935470
7.639373 10.958490
7.232953 10.981509
6.803050 11.004528
6.378067 11.027548
5.983589 11.050567
5.638265 11.073586
5.351394 11.096606
5.122634 11.119625
4.943667 11.142645
4.801210 11.165664
4.680569 11.188683
4.568966 11.211703
4.458066 11.234722
4.345381 11.257741
4.234453 11.280761
4.133849 11.303780
4.055126 11.326799
4.010051 11.349819
4.007518 11.372838
4.050760 11.395857
4.135517 11.418877
4.249668 11.441896
4.374551 11.464916
4.487713 11.487935
4.566499 11.510954
4.591586 11.533974
4.549694 11.556993
4.434957 11.580012
4.248885 11.603032
3.999270 11.626051
3.698521 11.649070
3.361908 11.672090
3.005971 11.695109
2.647146 11.718129
2.300523 11.741148
1.978731 11.764167
1.690987 11.787187
1.442476 11.810206
1.234197 11.833225
1.063375 11.856245
0.924371 11.879264
0.809955 11.902283
0.712673 11.925303
0.626056 11.948322
0.545443 11.971341
0.468299 11.994361
0.394044 12.017380
0.323516 12.040400
0.258289 12.063419
0.200010 12.086438
0.149918 12.109458
0.108587 12.132477
0.075889 12.155496
0.051102 12.178516
0.033111 12.201535
0.020615 12.224554
0.012317 12.247574
0.007053 12.270593
0.003866 12.293613
0.002027 12.316632
0.001015 12.339651
0.000485 12.362671
0.000221 12.385690
0.000096 12.408709
0.000040 12.431729
0.000016 12.454748
0.000006 12.477767
0.000002 12.500787
0.000001 12.523806
0.000000 12.546825
0.000000 12.569845
0.000000 12.592864
0.000000 12.615884
0.000000 12.638903
0.000000 12.661922
0.000000 12.684942
0.000000 12.707961
0.000000 12.730980
0.000000 12.754000
0.000000 12.777019
0.000000 12.800038
0.000000 12.823058
0.000000 12.846077
0.000000 12.869096
0.000000 12.892116
0.000000 12.915135
0.000000 12.938155
0.000000 12.961174
0.000000 12.984193
0.000000 13.007213
0.000000 13.030232
0.000000 13.053251
0.000000 13.076271
0.000000 13.099290
0.000000 13.122309
0.000000 13.145329
0.000000 13.168348
0.000000 13.191368
0.000000 13.214387
0.000000 13.237406
0.000000 13.260426
0.000000 13.283445
0.000000 13.306464
0.000000 13.329484
0.000000 13.352503
0.000000 13.375522
0.000000 13.398542
0.000000 13.421561
0.000000 13.444580
0.000000 13.467600
0.000000 13.490619
0.000000 13.513639
0.000000 13.536658
0.000000 13.559677
0.000000 13.582697
0.000000 13.605716
0.000000 13.628735
0.000000 13.651755
0.000000 13.674774
0.000000 13.697793
0.000000 13.720813
0.000000 13.743832
0.000000 13.766852
0.000000 13.789871
0.000000 13.812890
0.000000 13.835910
0.000000 13.858929
0.000000 13.881948
0.000000 13.904968
0.000000 13.927987
0.000000 13.951006
0.000000 13.974026
0.000000 13.997045
0.000000 14.020064
0.000000 14.043084
0.000000 14.066103
0.000000 14.089123
0.000000 14.112142
0.000000 14.135161
0.000000 14.158181
0.000000 14.181200

-0.000000 -31.834500
-0.000000 -31.811481
-0.000000 -31.788461
-0.000000 -31.765442
-0.000000 -31.742423
-0.000000 -31.719403
-0.000000 -31.696384
-0.000000 -31.673364
-0.000000 -31.650345
-0.000000 -31.627326
-0.000000 -31.604306
-0.000000 -31.581287
-0.000000 -31.558268
-0.000000 -31.535248
-0.000000 -31.512229
-0.000000 -31.489210
-0.000000 -31.466190
-0.000000 -31.443171
-0.000000 -31.420152
-0.000000 -31.397132
-0.000000 -31.374113
-0.000000 -31.351093
-0.000000 -31.328074
-0.000000 -31.305055
-0.000000 -31.282035
-0.000000 -31.259016
-0.000000 -31.235997
-0.000000 -31.212977
-0.000000 -31.189958
-0.000000 -31.166939
-0.000000 -31.143919
-0.000000 -31.120900
-0.000000 -31.097880
-0.000000 -31.074861
-0.000000 -31.051842
-0.000000 -31.028822
-0.000000 -31.005803
-0.000000 -30.982784
-0.000000 -30.959764
-0.000000 -30.936745
-0.000000 -30.913726
-0.000000 -30.890706
-0.000000 -30.867687
-0.000000 -30.844668
-0.000000 -30.821648
-0.000000 -30.798629
-0.000000 -30.775609
-0.000000 -30.752590
-0.000000 -30.729571
-0.000000 -30.706551
-0.000000 -30.683532
-0.000000 -30.660513
-0.000000 -30.637493
-0.000000 -30.614474
-0.000000 -30.591455
-0.000000 -30.568435
-0.000000 -30.545416
-0.000000 -30.522396
-0.000000 -30.499377
-0.000000 -30.476358
-0.000000 -30.453338
-0.000000 -30.430319
-0.000000 -30.407300
-0.000000 -30.384280
-0.000000 -30.361261
-0.000000 -30.338242
-0.000000 -30.315222
-0.000000 -30.292203
-0.000000 -30.269184
-0.000000 -30.246164
-0.000001 -30.223145
-0.000003 -30.200125
-0.000009 -30.177106
-0.000026 -30.154087
-0.000069 -30.131067
-0.000177 -30.108048
-0.000433 -30.085029
-0.001009 -30.062009
-0.002246 -30.038990
-0.004776 -30.015971
-0.009711 -29.992951
-0.018882 -29.969932
-0.035134 -29.946913
-0.062582 -29.923893
-0.106761 -29.900874
-0.174491 -29.877854
-0.273318 -29.854835
-0.410382 -29.831816
-0.590733 -29.808796
-0.815243 -29.785777
-1.078557 -29.762758
-1.367676 -29.739738
-1.661850 -29.716719
-1.934288 -29.693700
-2.155733 -29.670680
-2.299420 -29.647661
-2.346301 -29.624641
-2.289170 -29.601622
-2.134460 -29.578603
-1.901106 -29.555583
-1.616717 -29.532564
-1.312150 -29.509545
-1.015970 -29.486525
-0.750181 -29.463506
-0.528071 -29.440487
-0.354266 -29.417467
-0.226443 -29.394448
-0.137872 -29.371429
-0.079944 -29.348409
-0.044137 -29.325390
-0.023199 -29.302370
-0.011606 -29.279351
-0.005526 -29.256332
-0.002504 -29.233312
-0.001080 -29.210293
-0.000443 -29.187274
-0.000173 -29.164254
-0.000064 -29.141235
-0.000023 -29.118216
-0.000008 -29.095196
-0.000002 -29.072177
-0.000001 -29.049157
-0.000000 -29.026138
-0.000000 -29.003119
-0.000000 -28.980099
-0.000000 -28.957080
-0.000000 -28.934061
-0.000000 -28.911041
-0.000000 -28.888022
-0.000000 -28.865003
-0.000000 -28.841983
-0.000000 -28.818964
-0.000000 -28.795945
-0.000000 -28.772925
-0.000000 -28.749906
-0.000000 -28.726886
-0.000000 -28.703867
-0.000000 -28.680848
-0.000000 -28.657828
-0.000000 -28.634809
-0.000000 -28.611790
-0.000000 -28.588770
-0.000000 -28.565751
-0.000000 -28.542732
-0.000000 -28.519712
-0.000000 -28.496693
-0.000000 -28.473673
-0.000000 -28.450654
-0.000000 -28.427635
-0.000000 -28.404615
-0.000000 -28.381596
-0.000000 -28.358577
-0.000000 -28.335557
-0.000000 -28.312538
-0.000000 -28.289519
-0.000000 -28.266499
-0.000000 -28.243480
-0.000000 -28.220461
-0.000000 -28.197441
-0.000000 -28.174422
-0.000000 -28.151402
-0.000000 -28.128383
-0.000000 -28.105364
-0.000000 -28.082344
-0.000000 -28.059325
-0.000000 -28.036306
-0.000000 -28.013286
-0.000000 -27.990267
-0.000000 -27.967248
-0.000000 -27.944228
-0.000000 -27.921209
-0.000000 -27.898189
-0.000000 -27.875170
-0.000000 -27.852151
-0.000000 -27.829131
-0.000000 -27.806112
-0.000000 -27.783093
-0.000000 -27.760073
-0.000000 -27.737054
-0.000000 -27.714035
-0.000000 -27.691015
-0.000000 -27.667996
-0.000000 -27.644977
-0.000000 -27.621957
-0.000000 -27.598938
-0.000000 -27.575918
-0.000000 -27.552899
-0.000000 -27.529880
-0.000000 -27.506860
-0.000000 -27.483841
-0.000000 -27.460822
-0.000000 -27.437802
-0.000000 -27.414783
-0.000000 -27.391764
-0.000000 -27.368744
-0.000000 -27.345725
-0.000000 -27.322706
-0.000000 -27.299686
-0.000000 -27.276667
-0.000000 -27.253647
-0.000000 -27.230628
-0.000000 -27.207609
-0.000000 -27.184589
-0.000000 -27.161570
-0.000000 -27.138551
-0.000000 -27.115531
-0.000000 -27.092512
-0.000000 -27.069493
-0.000000 -27.046473
-0.000000 -27.023454
-0.000000 -27.000434
-0.000000 -26.977415
-0.000000 -26.954396
-0.000000 -26.931376
-0.000000 -26.908357
-0.000000 -26.885338
-0.000000 -26.862318
-0.000000 -26.839299
-0.000000 -26.816280
-0.000000 -26.793260
-0.000000 -26.770241
-0.000000 -26.747222
-0.000000 -26.724202
-0.000000 -26.701183
-0.000000 -26.678163
-0.000000 -26.655144
-0.000000 -26.632125
-0.000000 -26.609105
-0.000000 -26.586086
-0.000000 -26.563067
-0.000000 -26.540047
-0.000000 -26.517028
-0.000000 -26.494009
-0.000000 -26.470989
-0.000000 -26.447970
-0.000000 -26.424950
-0.000000 -26.401931
-0.000000 -26.378912
-0.000000 -26.355892
-0.000000 -26.332873
-0.000000 -26.309854
-0.000000 -26.286834
-0.000000 -26.263815
-0.000000 -26.240796
-0.000000 -26.217776
-0.000000 -26.194757
-0.000000 -26.171738
-0.000000 -26.148718
-0.000000 -26.125699
-0.000000 -26.102679
-0.000000 -26.079660
-0.000000 -26.056641
-0.000000 -26.033621
-0.000000 -26.010602
-0.000000 -25.987583
-0.000000 -25.964563
-0.000000 -25.941544
-0.000000 -25.918525
-0.000000 -25.895505
-0.000000 -25.872486
-0.000000 -25.849466
-0.000000 -25.826447
-0.000000 -25.803428
-0.000000 -25.780408
-0.000000 -25.757389
-0.000000 -25.734370
-0.000000 -25.711350
-0.000000 -25.688331
-0.000000 -25.665312
-0.000000 -25.642292
-0.000000 -25.619273
-0.000000 -25.596254
-0.000000 -25.573234
-0.000000 -25.550215
-0.000000 -25.527195
-0.000000 -25.504176
-0.000000 -25.481157
-0.000000 -25.458137
-0.000000 -25.435118
-0.000000 -25.412099
-0.000000 -25.389079
-0.000000 -25.366060
-0.000000 -25.343041
-0.000000 -25.320021
-0.000000 -25.297002
-0.000000 -25.273982
-0.000000 -25.250963
-0.000000 -25.227944
-0.000000 -25.204924
-0.000000 -25.181905
-0.000000 -25.158886
-0.000000 -25.135866
-0.000000 -25.112847
-0.000000 -25.089828
-0.000000 -25.066808
-0.000000 -25.043789
-0.000000 -25.020770
-0.000000 -24.997750
-0.000000 -24.974731
-0.000000 -24.951711
-0.000000 -24.928692
-0.000000 -24.905673
-0.000000 -24.882653
-0.000000 -24.859634
-0.000000 -24.836615
-0.000000 -24.813595
-0.000000 -24.790576
-0.000000 -24.767557
-0.000000 -24.744537
-0.000000 -24.721518
-0.000000 -24.698498
-0.000000 -24.675479
-0.000000 -24.652460
-0.000000 -24.629440
-0.000000 -24.606421
-0.000000 -24.583402
-0.000000 -24.560382
-0.000000 -24.537363
-0.000000 -24.514344
-0.000000 -24.491324
-0.000000 -24.468305
-0.000000 -24.445286
-0.000000 -24.422266
-0.000000 -24.399247
-0.000000 -24.376227
-0.000000 -24.353208
-0.000000 -24.330189
-0.000000 -24.307169
-0.000000 -24.284150
-0.000000 -24.261131
-0.000000 -24.238111
-0.000000 -24.215092
-0.000000 -24.192073
-0.000000 -24.169053
-0.000000 -24.146034
-0.000000 -24.123015
-0.000000 -24.099995
-0.000000 -24.076976
-0.000000 -24.053956
-0.000000 -24.030937
-0.000000 -24.007918
-0.000000 -23.984898
-0.000000 -23.961879
-0.000000 -23.938860
-0.000000 -23.915840
-0.000000 -23.892821
-0.000000 -23.869802
-0.000000 -23.846782
-0.000000 -23.823763
-0.000000 -23.800743
-0.000000 -23.777724
-0.000000 -23.754705
-0.000000 -23.731685
-0.000000 -23.708666
-0.000000 -23.685647
-0.000000 -23.662627
-0.000000 -23.639608
-0.000000 -23.616589
-0.000000 -23.593569
-0.000000 -23.570550
-0.000000 -23.547531
-0.000000 -23.524511
-0.000000 -23.501492
-0.000000 -23.478472
-0.000000 -23.455453
-0.000000 -23.432434
-0.000000 -23.409414
-0.000000 -23.386395
-0.000000 -23.363376
-0.000000 -23.340356
-0.000000 -23.317337
-0.000000 -23.294318
-0.000000 -23.271298
-0.000000 -23.248279
-0.000000 -23.225259
-0.000000 -23.202240
-0.000000 -23.179221
-0.000000 -23.156201
-0.000000 -23.133182
-0.000000 -23.110163
-0.000000 -23.087143
-0.000000 -23.064124
-0.000000 -23.041105
-0.000000 -23.018085
-0.000000 -22.995066
-0.000000 -22.972047
-0.000000 -22.949027
-0.000000 -22.926008
-0.000000 -22.902988
-0.000000 -22.879969
-0.000000 -22.856950
-0.000000 -22.833930
-0.000000 -22.810911
-0.000000 -22.787892
-0.000000 -22.764872
-0.000000 -22.741853
-0.000000 -22.718834
-0.000000 -22.695814
-0.000000 -22.672795
-0.000000 -22.649775
-0.000000 -22.626756
-0.000000 -22.603737
-0.000000 -22.580717
-0.000000 -22.557698
-0.000000 -22.534679
-0.000000 -22.511659
-0.000000 -22.488640
-0.000000 -22.465621
-0.000000 -22.442601
-0.000000 -22.419582
-0.000000 -22.396563
-0.000000 -22.373543
-0.000000 -22.350524
-0.000000 -22.327504
-0.000000 -22.304485
-0.000000 -22.281466
-0.000000 -22.258446
-0.000000 -22.235427
-0.000000 -22.212408
-0.000000 -22.189388
-0.000000 -22.166369
-0.000000 -22.143350
-0.000000 -22.120330
-0.000000 -22.097311
-0.000000 -22.074291
-0.000000 -22.051272
-0.000000 -22.028253
-0.000000 -22.005233
-0.000000 -21.982214
-0.000000 -21.959195
-0.000000 -21.936175
-0.000000 -21.913156
-0.000000 -21.890137
-0.000000 -21.867117
-0.000000 -21.844098
-0.000000 -21.821079
-0.000000 -21.798059
-0.000000 -21.775040
-0.000000 -21.752020
-0.000000 -21.729001
-0.000000 -21.705982
-0.000000 -21.682962
-0.000000 -21.659943
-0.000000 -21.636924
-0.000000 -21.613904
-0.000000 -21.590885
-0.000000 -21.567866
-0.000000 -21.544846
-0.000000 -21.521827
-0.000000 -21.498808
-0.000000 -21.475788
-0.000000 -21.452769
-0.000000 -21.429749
-0.000000 -21.406730
-0.000000 -21.383711
-0.000000 -21.360691
-0.000000 -21.337672
-0.000000 -21.314653
-0.000000 -21.291633
-0.000000 -21.268614
-0.000000 -21.245595
-0.000000 -21.222575
-0.000000 -21.199556
-0.000000 -21.176536
-0.000000 -21.153517
-0.000000 -21.130498
-0.000000 -21.107478
-0.000000 -21.084459
-0.000000 -21.061440
-0.000000 -21.038420
-0.000000 -21.015401
-0.000000 -20.992382
-0.000000 -20.969362
-0.000000 -20.946343
-0.000000 -20.923324
-0.000000 -20.900304
-0.000000 -20.877285
-0.000000 -20.854265
-0.000000 -20.831246
-0.000000 -20.808227
-0.000000 -20.785207
-0.000000 -20.762188
-0.000000 -20.739169
-0.000000 -20.716149
-0.000000 -20.693130
-0.000000 -20.670111
-0.000000 -20.647091
-0.000000 -20.624072
-0.000000 -20.601052
-0.000000 -20.578033
-0.000000 -20.555014
-0.000000 -20.531994
-0.000000 -20.508975
-0.000000 -20.485956
-0.000000 -20.462936
-0.000000 -20.439917
-0.000000 -20.416898
-0.000000 -20.393878
-0.000000 -20.370859
-0.000000 -20.347840
-0.000001 -20.324820
-0.000003 -20.301801
-0.000008 -20.278781
-0.000020 -20.255762
-0.000047 -20.232743
-0.000109 -20.209723
-0.000240 -20.186704
-0.000500 -20.163685
-0.000990 -20.140665
-0.001866 -20.117646
-0.003342 -20.094627
-0.005690 -20.071607
-0.009213 -20.048588
-0.014184 -20.025568
-0.020762 -20.002549
-0.028898 -19.979530
-0.038245 -19.956510
-0.048129 -19.933491
-0.057591 -19.910472
-0.065529 -19.887452
-0.070898 -19.864433
-0.072938 -19.841414
-0.071351 -19.818394
-0.066368 -19.795375
-0.058699 -19.772356
-0.049364 -19.749336
-0.039471 -19.726317
-0.030008 -19.703297
-0.021691 -19.680278
-0.014907 -19.657259
-0.009740 -19.634239
-0.006050 -19.611220
-0.003573 -19.588201
-0.002006 -19.565181
-0.001070 -19.542162
-0.000543 -19.519143
-0.000262 -19.496123
-0.000120 -19.473104
-0.000052 -19.450084
-0.000022 -19.427065
-0.000009 -19.404046
-0.000003 -19.381026
-0.000001 -19.358007
-0.000000 -19.334988
-0.000000 -19.311968
-0.000000 -19.288949
-0.000000 -19.265930
-0.000000 -19.242910
-0.000000 -19.219891
-0.000000 -19.196872
-0.000000 -19.173852
-0.000000 -19.150833
-0.000000 -19.127813
-0.000000 -19.104794
-0.000000 -19.081775
-0.000000 -19.058755
-0.000000 -19.035736
-0.000000 -19.012717
-0.000000 -18.989697
-0.000000 -18.966678
-0.000000 -18.943659
-0.000000 -18.920639
-0.000000 -18.897620
-0.000000 -18.874601
-0.000000 -18.851581
-0.000000 -18.828562
-0.000000 -18.805542
-0.000000 -18.782523
-0.000000 -18.759504
-0.000000 -18.736484
-0.000000 -18.713465
-0.000000 -18.690446
-0.000000 -18.667426
-0.000000 -18.644407
-0.000000 -18.621388
-0.000000 -18.598368
-0.000000 -18.575349
-0.000000 -18.552329
-0.000000 -18.529310
-0.000000 -18.506291
-0.000000 -18.483271
-0.000000 -18.460252
-0.000000 -18.437233
-0.000000 -18.414213
-0.000000 -18.391194
-0.000000 -18.368175
-0.000000 -18.345155
-0.000000 -18.322136
-0.000000 -18.299117
-0.000000 -18.276097
-0.000000 -18.253078
-0.000000 -18.230058
-0.000000 -18.207039
-0.000000 -18.184020
-0.000000 -18.161000
-0.000000 -18.137981
-0.000000 -18.114962
-0.000000 -18.091942
-0.000000 -18.068923
-0.000000 -18.045904
-0.000000 -18.022884
-0.000000 -17.999865
-0.000000 -17.976845
-0.000000 -17.953826
-0.000000 -17.930807
-0.000000 -17.907787
-0.000000 -17.884768
-0.000000 -17.861749
-0.000000 -17.838729
-0.000000 -17.815710
-0.000000 -17.792691
-0.000000 -17.769671
-0.000000 -17.746652
-0.000000 -17.723633
-0.000000 -17.700613
-0.000000 -17.677594
-0.000000 -17.654574
-0.000000 -17.631555
-0.000000 -17.608536
-0.000000 -17.585516
-0.000000 -17.562497
-0.000000 -17.539478
-0.000000 -17.516458
-0.000000 -17.493439
-0.000000 -17.470420
-0.000000 -17.447400
-0.000000 -17.424381
-0.000000 -17.401361
-0.000000 -17.378342
-0.000000 -17.355323
-0.000000 -17.332303
-0.000000 -17.309284
-0.000000 -17.286265
-0.000000 -17.263245
-0.000000 -17.240226
-0.000000 -17.217207
-0.000000 -17.194187
-0.000000 -17.171168
-0.000000 -17.148149
-0.000000 -17.125129
-0.000000 -17.102110
-0.000000 -17.079090
-0.000000 -17.056071
-0.000000 -17.033052
-0.000000 -17.010032
-0.000000 -16.987013
-0.000000 -16.963994
-0.000000 -16.940974
-0.000000 -16.917955
-0.000000 -16.894936
-0.000000 -16.871916
-0.000000 -16.848897
-0.000000 -16.825877
-0.000000 -16.802858
-0.000000 -16.779839
-0.000000 -16.756819
-0.000000 -16.733800
-0.000000 -16.710781
-0.000000 -16.687761
-0.000000 -16.664742
-0.000000 -16.641723
-0.000000 -16.618703
-0.000000 -16.595684
-0.000000 -16.572665
-0.000000 -16.549645
-0.000000 -16.526626
-0.000000 -16.503606
-0.000000 -16.480587
-0.000000 -16.457568
-0.000000 -16.434548
-0.000000 -16.411529
-0.000000 -16.388510
-0.000000 -16.365490
-0.000000 -16.342471
-0.000000 -16.319452
-0.000000 -16.296432
-0.000000 -16.273413
-0.000000 -16.250393
-0.000000 -16.227374
-0.000000 -16.204355
-0.000000 -16.181335
-0.000000 -16.158316
-0.000000 -16.135297
-0.000000 -16.112277
-0.000000 -16.089258
-0.000000 -16.066239
-0.000000 -16.043219
-0.000000 -16.020200
-0.000000 -15.997181
-0.000000 -15.974161
-0.000000 -15.951142
-0.000001 -15.928122
-0.000003 -15.905103
-0.000008 -15.882084
-0.000018 -15.859064
-0.000039 -15.836045
-0.000081 -15.813026
-0.000161 -15.790006
-0.000307 -15.766987
-0.000559 -15.743968
-0.000972 -15.720948
-0.001618 -15.697929
-0.002579 -15.674910
-0.003947 -15.651890
-0.005808 -15.628871
-0.008235 -15.605851
-0.011276 -15.582832
-0.014947 -15.559813
-0.019230 -15.536793
-0.024076 -15.513774
-0.029408 -15.490755
-0.035125 -15.467735
-0.041109 -15.444716
-0.047230 -15.421697
-0.053343 -15.398677
-0.059303 -15.375658
-0.064973 -15.352638
-0.070240 -15.329619
-0.075040 -15.306600
-0.079370 -15.283580
-0.083304 -15.260561
-0.086986 -15.237542
-0.090613 -15.214522
-0.094396 -15.191503
-0.098526 -15.168484
-0.103139 -15.145464
-0.108301 -15.122445
-0.114006 -15.099426
-0.120184 -15.076406
-0.126700 -15.053387
-0.133351 -15.030367
-0.139845 -15.007348
-0.145790 -14.984329
-0.150720 -14.961309
-0.154155 -14.938290
-0.155724 -14.915271
-0.155306 -14.892251
-0.153137 -14.869232
-0.149859 -14.846213
-0.146430 -14.823193
-0.143939 -14.800174
-0.143330 -14.777154
-0.145133 -14.754135
-0.149281 -14.731116
-0.155076 -14.708096
-0.161340 -14.685077
-0.166700 -14.662058
-0.169947 -14.639038
-0.170337 -14.616019
-0.167766 -14.593000
-0.162749 -14.569980
-0.156233 -14.546961
-0.149300 -14.523942
-0.142876 -14.500922
-0.137507 -14.477903
-0.133287 -14.454883
-0.129908 -14.431864
-0.126803 -14.408845
-0.123321 -14.385825
-0.118876 -14.362806
-0.113052 -14.339787
-0.105654 -14.316767
-0.096707 -14.293748
-0.086446 -14.270729
-0.075267 -14.247709
-0.063676 -14.224690
-0.052225 -14.201670
-0.041439 -14.178651
-0.031748 -14.155632
-0.023445 -14.132612
-0.016663 -14.109593
-0.011382 -14.086574
-0.007463 -14.063554
-0.004693 -14.040535
-0.002827 -14.017516
-0.001630 -13.994496
-0.000899 -13.971477
-0.000474 -13.948458
-0.000239 -13.925438
-0.000115 -13.902419
-0.000053 -13.879399
-0.000023 -13.856380
-0.000010 -13.833361
-0.000004 -13.810341
-0.000001 -13.787322
-0.000001 -13.764303
-0.000000 -13.741283
-0.000000 -13.718264
-0.000000 -13.695245
-0.000000 -13.672225
-0.000000 -13.649206
-0.000000 -13.626186
-0.000000 -13.603167
-0.000000 -13.580148
-0.000000 -13.557128
-0.000000 -13.534109
-0.000000 -13.511090
-0.000000 -13.488070
-0.000000 -13.465051
-0.000000 -13.442032
-0.000000 -13.419012
-0.000000 -13.395993
-0.000000 -13.372974
-0.000000 -13.349954
-0.000000 -13.326935
-0.000000 -13.303915
-0.000000 -13.280896
-0.000000 -13.257877
-0.000000 -13.234857
-0.000000 -13.211838
-0.000000 -13.188819
-0.000000 -13.165799
-0.000000 -13.142780
-0.000000 -13.119761
-0.000000 -13.096741
-0.000000 -13.073722
-0.000000 -13.050703
-0.000000 -13.027683
-0.000000 -13.004664
-0.000000 -12.981644
-0.000000 -12.958625
-0.000000 -12.935606
-0.000000 -12.912586
-0.000000 -12.889567
-0.000000 -12.866548
-0.000000 -12.843528
-0.000000 -12.820509
-0.000000 -12.797490
-0.000000 -12.774470
-0.000000 -12.751451
-0.000000 -12.728431
-0.000000 -12.705412
-0.000000 -12.682393
-0.000000 -12.659373
-0.000000 -12.636354
-0.000000 -12.613335
-0.000000 -12.590315
-0.000000 -12.567296
-0.000000 -12.544277
-0.000000 -12.521257
-0.000000 -12.498238
-0.000000 -12.475219
-0.000000 -12.452199
-0.000000 -12.429180
-0.000000 -12.406160
-0.000000 -12.383141
-0.000000 -12.360122
-0.000000 -12.337102
-0.000000 -12.314083
-0.000000 -12.291064
-0.000000 -12.268044
-0.000000 -12.245025
-0.000000 -12.222006
-0.000000 -12.198986
-0.000000 -12.175967
-0.000000 -12.152947
-0.000000 -12.129928
-0.000000 -12.106909
-0.000000 -12.083889
-0.000000 -12.060870
-0.000000 -12.037851
-0.000000 -12.014831
-0.000000 -11.991812
-0.000000 -11.968793
-0.000000 -11.945773
-0.000000 -11.922754
-0.000000 -11.899735
-0.000000 -11.876715
-0.000000 -11.853696
-0.000000 -11.830676
-0.000000 -11.807657
-0.000000 -11.784638
-0.000000 -11.761618
-0.000000 -11.738599
-0.000000 -11.715580
-0.000000 -11.692560
-0.000000 -11.669541
-0.000000 -11.646522
-0.000000 -11.623502
-0.000000 -11.600483
-0.000000 -11.577463
-0.000000 -11.554444
-0.000000 -11.531425
-0.000000 -11.508405
-0.000000 -11.485386
-0.000000 -11.462367
-0.000000 -11.439347
-0.000000 -11.416328
-0.000000 -11.393309
-0.000000 -11.370289
-0.000000 -11.347270
-0.000000 -11.324251
-0.000000 -11.301231
-0.000000 -11.278212
-0.000000 -11.255192
-0.000000 -11.232173
-0.000000 -11.209154
-0.000000 -11.186134
-0.000000 -11.163115
-0.000000 -11.140096
-0.000000 -11.117076
-0.000000 -11.094057
-0.000000 -11.071038
-0.000000 -11.048018
-0.000000 -11.024999
-0.000000 -11.001979
-0.000000 -10.978960
-0.000000 -10.955941
-0.000000 -10.932921
-0.000000 -10.909902
-0.000000 -10.886883
-0.000000 -10.863863
-0.000000 -10.840844
-0.000000 -10.817825
-0.000000 -10.794805
-0.000000 -10.771786
-0.000000 -10.748767
-0.000000 -10.725747
-0.000000 -10.702728
-0.000000 -10.679708
-0.000000 -10.656689
-0.000000 -10.633670
-0.000000 -10.610650
-0.000000 -10.587631
-0.000000 -10.564612
-0.000000 -10.541592
-0.000000 -10.518573
-0.000000 -10.495554
-0.000000 -10.472534
-0.000000 -10.449515
-0.000000 -10.426495
-0.000000 -10.403476
-0.000000 -10.380457
-0.000000 -10.357437
-0.000000 -10.334418
-0.000000 -10.311399
-0.000000 -10.288379
-0.000000 -10.265360
-0.000000 -10.242341
-0.000000 -10.219321
-0.000000 -10.196302
-0.000000 -10.173283
-0.000000 -10.150263
-0.000000 -10.127244
-0.000000 -10.104224
-0.000000 -10.081205
-0.000000 -10.058186
-0.000000 -10.035166
-0.000000 -10.012147
-0.000000 -9.989128
-0.000000 -9.966108
-0.000000 -9.943089
-0.000000 -9.920070
-0.000000 -9.897050
-0.000000 -9.874031
-0.000000 -9.851012
-0.000000 -9.827992
-0.000000 -9.804973
-0.000000 -9.781953
-0.000000 -9.758934
-0.000000 -9.735915
-0.000000 -9.712895
-0.000000 -9.689876
-0.000000 -9.666857
-0.000000 -9.643837
-0.000000 -9.620818
-0.000000 -9.597799
-0.000000 -9.574779
-0.000000 -9.551760
-0.000000 -9.528740
-0.000000 -9.505721
-0.000000 -9.482702
-0.000000 -9.459682
-0.000000 -9.436663
-0.000000 -9.413644
-0.000000 -9.390624
-0.000000 -9.367605
-0.000000 -9.344586
-0.000000 -9.321566
-0.000000 -9.298547
-0.000000 -9.275528
-0.000000 -9.252508
-0.000000 -9.229489
-0.000000 -9.206469
-0.000000 -9.183450
-0.000000 -9.160431
-0.000000 -9.137411
-0.000000 -9.114392
-0.000000 -9.091373
-0.000000 -9.068353
-0.000000 -9.045334
-0.000000 -9.022315
-0.000000 -8.999295
-0.000000 -8.976276
-0.000000 -8.953256
-0.000000 -8.930237
-0.000000 -8.907218
-0.000000 -8.884198
-0.000000 -8.861179
-0.000000 -8.838160
-0.000000 -8.815140
-0.000000 -8.792121
-0.000000 -8.769102
-0.000000 -8.746082
-0.000000 -8.723063
-0.000000 -8.700044
-0.000000 -8.677024
-0.000000 -8.654005
-0.000000 -8.630985
-0.000000 -8.607966
-0.000000 -8.584947
-0.000000 -8.561927
-0.000000 -8.538908
-0.000000 -8.515889
-0.000000 -8.492869
-0.000000 -8.469850
-0.000000 -8.446831
-0.000000 -8.423811
-0.000000 -8.400792
-0.000000 -8.377772
-0.000000 -8.354753
-0.000000 -8.331734
-0.000000 -8.308714
-0.000000 -8.285695
-0.000000 -8.262676
-0.000000 -8.239656
-0.000000 -8.216637
-0.000000 -8.193618
-0.000000 -8.170598
-0.000000 -8.147579
-0.000000 -8.124560
-0.000000 -8.101540
-0.000000 -8.078521
-0.000000 -8.055501
-0.000000 -8.032482
-0.000000 -8.009463
-0.000000 -7.986443
-0.000000 -7.963424
-0.000000 -7.940405
-0.000000 -7.917385
-0.000000 -7.894366
-0.000000 -7.871347
-0.000000 -7.848327
-0.000000 -7.825308
-0.000000 -7.802288
-0.000000 -7.779269
-0.000000 -7.756250
-0.000000 -7.733230
-0.000000 -7.710211
-0.000000 -7.687192
-0.000000 -7.664172
-0.000000 -7.641153
-0.000000 -7.618134
-0.000000 -7.595114
-0.000000 -7.572095
-0.000000 -7.549076
-0.000000 -7.526056
-0.000000 -7.503037
-0.000000 -7.480017
-0.000000 -7.456998
-0.000000 -7.433979
-0.000000 -7.410959
-0.000000 -7.387940
-0.000000 -7.364921
-0.000000 -7.341901
-0.000000 -7.318882
-0.000000 -7.295863
-0.000000 -7.272843
-0.000000 -7.249824
-0.000000 -7.226805
-0.000000 -7.203785
-0.000000 -7.180766
-0.000000 -7.157746
-0.000000 -7.134727
-0.000000 -7.111708
-0.000000 -7.088688
-0.000000 -7.065669
-0.000000 -7.042650
-0.000000 -7.019630
-0.000000 -6.996611
-0.000000 -6.973592
-0.000000 -6.950572
-0.000000 -6.927553
-0.000000 -6.904533
-0.000000 -6.881514
-0.000000 -6.858495
-0.000000 -6.835475
-0.000000 -6.812456
-0.000000 -6.789437
-0.000000 -6.766417
-0.000000 -6.743398
-0.000000 -6.720379
-0.000000 -6.697359
-0.000000 -6.674340
-0.000000 -6.651321
-0.000000 -6.628301
-0.000000 -6.605282
-0.000000 -6.582262
-0.000000 -6.559243
-0.000000 -6.536224
-0.000000 -6.513204
-0.000000 -6.490185
-0.000000 -6.467166
-0.000000 -6.444146
-0.000000 -6.421127
-0.000000 -6.398108
-0.000000 -6.375088
-0.000000 -6.352069
-0.000000 -6.329049
-0.000000 -6.306030
-0.000000 -6.283011
-0.000000 -6.259991
-0.000000 -6.236972
-0.000000 -6.213953
-0.000000 -6.190933
-0.000000 -6.167914
-0.000000 -6.144895
-0.000000 -6.121875
-0.000000 -6.098856
-0.000000 -6.075837
-0.000000 -6.052817
-0.000000 -6.029798
-0.000000 -6.006778
-0.000000 -5.983759
-0.000000 -5.960740
-0.000000 -5.937720
-0.000000 -5.914701
-0.000000 -5.891682
-0.000000 -5.868662
-0.000000 -5.845643
-0.000000 -5.822624
-0.000000 -5.799604
-0.000000 -5.776585
-0.000000 -5.753565
-0.000000 -5.730546
-0.000000 -5.707527
-0.000000 -5.684507
-0.000000 -5.661488
-0.000000 -5.638469
-0.000000 -5.615449
-0.000000 -5.592430
-0.000000 -5.569411
-0.000000 -5.546391
-0.000000 -5.523372
-0.000000 -5.500353
-0.000000 -5.477333
-0.000000 -5.454314
-0.000000 -5.431294
-0.000000 -5.408275
-0.000000 -5.385256
-0.000000 -5.362236
-0.000000 -5.339217
-0.000000 -5.316198
-0.000000 -5.293178
-0.000000 -5.270159
-0.000000 -5.247140
-0.000000 -5.224120
-0.000000 -5.201101
-0.000000 -5.178081
-0.000000 -5.155062
-0.000000 -5.132043
-0.000000 -5.109023
-0.000000 -5.086004
-0.000000 -5.062985
-0.000000 -5.039965
-0.000000 -5.016946
-0.000000 -4.993927
-0.000000 -4.970907
-0.000000 -4.947888
-0.000000 -4.924869
-0.000000 -4.901849
-0.000000 -4.878830
-0.000000 -4.855810
-0.000000 -4.832791
-0.000000 -4.809772
-0.000000 -4.786752
-0.000000 -4.763733
-0.000000 -4.740714
-0.000000 -4.717694
-0.000000 -4.694675
-0.000000 -4.671656
-0.000000 -4.648636
-0.000000 -4.625617
-0.000000 -4.602597
-0.000000 -4.579578
-0.000000 -4.556559
-0.000000 -4.533539
-0.000000 -4.510520
-0.000000 -4.487501
-0.000000 -4.464481
-0.000000 -4.441462
-0.000000 -4.418443
-0.000000 -4.395423
-0.000000 -4.372404
-0.000000 -4.349385
-0.000000 -4.326365
-0.000000 -4.303346
-0.000000 -4.280326
-0.000000 -4.257307
-0.000001 -4.234288
-0.000003 -4.211268
-0.000008 -4.188249
-0.000024 -4.165230
-0.000069 -4.142210
-0.000189 -4.119191
-0.000494 -4.096172
-0.001229 -4.073152
-0.002916 -4.050133
-0.006601 -4.027114
-0.014269 -4.004094
-0.029468 -3.981075
-0.058189 -3.958055
-0.109978 -3.935036
-0.199183 -3.912017
-0.346163 -3.888997
-0.578189 -3.865978
-0.929774 -3.842959
-1.442164 -3.819939
-2.161774 -3.796920
-3.137336 -3.773901
-4.415425 -3.750881
-6.034014 -3.727862
-8.013840 -3.704842
-10.348173 -3.681823
-12.992808 -3.658804
-15.859611 -3.635784
-18.817654 -3.612765
-21.705015 -3.589746
-24.351211 -3.566726
-26.605891 -3.543707
-28.365614 -3.520688
-29.589742 -3.497668
-30.299596 -3.474649
-30.561310 -3.451630
-30.459386 -3.428610
-30.071478 -3.405591
-29.453742 -3.382571
-28.640818 -3.359552
-27.657960 -3.336533
-26.538209 -3.313513
-25.336592 -3.290494
-24.135627 -3.267475
-23.040290 -3.244455
-22.163988 -3.221436
-21.609054 -3.198417
-21.446061 -3.175397
-21.696388 -3.152378
-22.322340 -3.129358
-23.228454 -3.106339
-24.275820 -3.083320
-25.308042 -3.060300
-26.183514 -3.037281
-26.805442 -3.014262
-27.140435 -2.991242
-27.219374 -2.968223
-27.120294 -2.945204
-26.939781 -2.922184
-26.763952 -2.899165
-26.650088 -2.876146
-26.625168 -2.853126
-26.699889 -2.830107
-26.889797 -2.807087
-27.232007 -2.784068
-27.788093 -2.761049
-28.630004 -2.738029
-29.813471 -2.715010
-31.348973 -2.691991
-33.181740 -2.668971
-35.189155 -2.645952
-37.197714 -2.622933
-39.015004 -2.599913
-40.467360 -2.576894
-41.432514 -2.553874
-41.858784 -2.530855
-41.767057 -2.507836
-41.237091 -2.484816
-40.383747 -2.461797
-39.330427 -2.438778
-38.186313 -2.415758
-37.031751 -2.392739
-35.913462 -2.369720
-34.848967 -2.346700
-33.837936 -2.323681
-32.876986 -2.300662
-31.973686 -2.277642
-31.155528 -2.254623
-30.470788 -2.231603
-29.980522 -2.208584
-29.743859 -2.185565
-29.801111 -2.162545
-30.160006 -2.139526
-30.789310 -2.116507
-31.621690 -2.093487
-32.564846 -2.070468
-33.517687 -2.047449
-34.387264 -2.024429
-35.102439 -2.001410
-35.621690 -1.978390
-35.934547 -1.955371
-36.058050 -1.932352
-36.030613 -1.909332
-35.905369 -1.886313
-35.743753 -1.863294
-35.608794 -1.840274
-35.557250 -1.817255
-35.630781 -1.794236
-35.848212 -1.771216
-36.202105 -1.748197
-36.662405 -1.725178
-37.187371 -1.702158
-37.738590 -1.679139
-38.294305 -1.656119
-38.855205 -1.633100
-39.439617 -1.610081
-40.069648 -1.587061
-40.754040 -1.564042
-41.475282 -1.541023
-42.186927 -1.518003
-42.822694 -1.494984
-43.313979 -1.471965
-43.609085 -1.448945
-43.687283 -1.425926
-43.563621 -1.402907
-43.284519 -1.379887
-42.917617 -1.356868
-42.540492 -1.333848
-42.231556 -1.310829
-42.063890 -1.287810
-42.100595 -1.264790
-42.389669 -1.241771
-42.957627 -1.218752
-43.803057 -1.195732
-44.892614 -1.172713
-46.161845 -1.149694
-47.521540 -1.126674
-48.868183 -1.103655
-50.095523 -1.080635
-51.104227 -1.057616
-51.807924 -1.034597
-52.135977 -1.011577
-52.035016 -0.988558
-51.471809 -0.965539
-50.439035 -0.942519
-48.963430 -0.919500
-47.113477 -0.896481
-45.002403 -0.873461
-42.782609 -0.850442
-40.629862 -0.827423
-38.718819 -0.804403
-37.194514 -0.781384
-36.146222 -0.758364
-35.589952 -0.735345
-35.464150 -0.712326
-35.640413 -0.689306
-35.947846 -0.666287
-36.206613 -0.643268
-36.263695 -0.620248
-36.022767 -0.597229
-35.460996 -0.574210
-34.628849 -0.551190
-33.633825 -0.528171
-32.613679 -0.505151
-31.707339 -0.482132
-31.031208 -0.459113
-30.665400 -0.436093
-30.650281 -0.413074
-30.990513 -0.390055
-31.662772 -0.367035
-32.624125 -0.344016
-33.819634 -0.320997
-35.188830 -0.297977
-36.670821 -0.274958
-38.207516 -0.251939
-39.744463 -0.228919
-41.229617 -0.205900
-42.611610 -0.182880
-43.839859 -0.159861
-44.868489 -0.136842
-45.664450 -0.113822
-46.218001 -0.090803
-46.551994 -0.067784
-46.725840 -0.044764
-46.831128 -0.021745
-46.978095 0.001274
-47.275058 0.024294
-47.805368 0.047313
-48.607879 0.070333
-49.666647 0.093352
-50.913646 0.116371
-52.245123 0.139391
-53.548524 0.162410
-54.733800 0.185429
-55.761062 0.208449
-56.656789 0.231468
-57.513214 0.254487
-58.469893 0.277507
-59.681588 0.300526
-61.280954 0.323545
-63.346317 0.346565
-65.883211 0.369584
-68.823757 0.392604
-72.042121 0.415623
-75.379705 0.438642
-78.672005 0.461662
-81.770651 0.484681
-84.557677 0.507700
-86.952508 0.530720
-88.913975 0.553739
-90.439285 0.576758
-91.560283 0.599778
-92.335824 0.622797
-92.838838 0.645817
-93.137958 0.668836
-93.276029 0.691855
-93.250431 0.714875
-93.001924 0.737894
-92.418693 0.760913
-91.359597 0.783933
-89.695274 0.806952
-87.358700 0.829971
-84.390623 0.852991
-80.963004 0.876010
-77.367574 0.899029
-73.966786 0.922049
-71.117452 0.945068
-69.088168 0.968088
-67.995240 0.991107
-67.776228 1.014126
-68.207483 1.037146
-68.957349 1.060165
-69.656035 1.083184
-69.960527 1.106204
-69.598490 1.129223
-68.385781 1.152242
-66.222816 1.175262
-63.081288 1.198281
-58.992662 1.221301
-54.044413 1.244320
-48.382561 1.267339
-42.213392 1.290359
-35.796096 1.313378
-29.421621 1.336397
-23.379417 1.359417
-17.919615 1.382436
-13.220877 1.405455
-9.372535 1.428475
-6.374728 1.451494
-4.154513 1.474513
-2.591606 1.497533
-1.546046 1.520552
-0.881373 1.543572
-0.479861 1.566591
-0.249384 1.589610
-0.123662 1.612630
-0.058487 1.635649
-0.026377 1.658668
-0.011340 1.681688
-0.004646 1.704707
-0.001814 1.727726
-0.000675 1.750746
-0.000239 1.773765
-0.000081 1.796784
-0.000026 1.819804
-0.000008 1.842823
-0.000002 1.865843
-0.000001 1.888862
-0.000000 1.911881
-0.000000 1.934901
-0.000000 1.957920
-0.000000 1.980939
-0.000000 2.003959
-0.000000 2.026978
-0.000000 2.049997
-0.000000 2.073017
-0.000000 2.096036
-0.000000 2.119056
-0.000000 2.142075
-0.000000 2.165094
-0.000000 2.188114
-0.000000 2.211133
-0.000000 2.234152
-0.000000 2.257172
-0.000000 2.280191
-0.000000 2.303210
-0.000000 2.326230
-0.000000 2.349249
-0.000000 2.372268
-0.000000 2.395288
-0.000000 2.418307
-0.000000 2.441327
-0.000000 2.464346
-0.000000 2.487365
-0.000000 2.510385
-0.000000 2.533404
-0.000000 2.556423
-0.000000 2.579443
-0.000000 2.602462
-0.000000 2.625481
-0.000000 2.648501
-0.000000 2.671520
-0.000000 2.694540
-0.000000 2.717559
-0.000000 2.740578
-0.000000 2.763598
-0.000000 2.786617
-0.000001 2.809636
-0.000003 2.832656
-0.000006 2.855675
-0.000016 2.878694
-0.000037 2.901714
-0.000083 2.924733
-0.000178 2.947752
-0.000362 2.970772
-0.000704 2.993791
-0.001311 3.016811
-0.002339 3.039830
-0.004003 3.062849
-0.006589 3.085869
-0.010451 3.108888
-0.016016 3.131907
-0.023780 3.154927
-0.034316 3.177946
-0.048271 3.200965
-0.066376 3.223985
-0.089445 3.247004
-0.118372 3.270024
-0.154132 3.293043
-0.197784 3.316062
-0.250497 3.339082
-0.313555 3.362101
-0.388306 3.385120
-0.475977 3.408140
-0.577309 3.431159
-0.692047 3.454178
-0.818414 3.477198
-0.952798 3.500217
-1.089874 3.523236
-1.223258 3.546256
-1.346631 3.569275
-1.455035 3.592295
-1.545940 3.615314
-1.619689 3.638333
-1.679117 3.661353
-1.728377 3.684372
-1.771346 3.707391
-1.810163 3.730411
-1.844472 3.753430
-1.871716 3.776449
-1.888412 3.799469
-1.891897 3.822488
-1.881820 3.845508
-1.860755 3.868527
-1.833792 3.891546
-1.807479 3.914566
-1.788829 3.937585
-1.784996 3.960604
-1.803720 3.983624
-1.854046 4.006643
-1.946501 4.029662
-2.092068 4.052682
-2.299913 4.075701
-2.574539 4.098720
-2.913454 4.121740
-3.306345 4.144759
-3.736140 4.167779
-4.181557 4.190798
-4.620120 4.213817
-5.030561 4.236837
-5.393871 4.259856
-5.693034 4.282875
-5.912088 4.305895
-6.035547 4.328914
-6.049055 4.351933
-5.941644 4.374953
-5.709255 4.397972
-5.358598 4.420991
-4.910109 4.444011
-4.398909 4.467030
-3.873121 4.490050
-3.389600 4.513069
-3.007721 4.536088
-2.782318 4.559108
-2.756916 4.582127
-2.958229 4.605146
-3.392582 4.628166
-4.044591 4.651185
-4.878159 4.674204
-5.839677 4.697224
-6.863085 4.720243
-7.876349 4.743263
-8.808741 4.766282
-9.598296 4.789301
-10.198797 4.812321
-10.585590 4.835340
-10.759414 4.858359
-10.747328 4.881379
-10.599916 4.904398
-10.384456 4.927417
-10.174654 4.950437
-10.038658 4.973456
-10.027889 4.996475
-10.169304 5.019495
-10.462888 5.042514
-10.884617 5.065534
-11.393562 5.088553
-11.940770 5.111572
-12.477546 5.134592
-12.961619 5.157611
-13.361006 5.180630
-13.656297 5.203650
-13.842369 5.226669
-13.929842 5.249688
-13.945651 5.272708
-13.931357 5.295727
-13.937956 5.318747
-14.016972 5.341766
-14.209219 5.364785
-14.533994 5.387805
-14.981970 5.410824
-15.514308 5.433843
-16.068779 5.456863
-16.571558 5.479882
-16.951701 5.502901
-17.154642 5.525921
-17.151553 5.548940
-16.942785 5.571959
-16.555232 5.594979
-16.034950 5.617998
-15.437183 5.641018
-14.816222 5.664037
-14.217217 5.687056
-13.671360 5.710076
-13.194888 5.733095
-12.791362 5.756114
-12.455817 5.779134
-12.179023 5.802153
-11.950364 5.825172
-11.758676 5.848192
-11.591468 5.871211
-11.433761 5.894231
-11.267933 5.917250
-11.075440 5.940269
-10.840242 5.963289
-10.552829 5.986308
-10.213268 6.009327
-9.831862 6.032347
-9.426824 6.055366
-9.019341 6.078385
-8.627377 6.101405
-8.260061 6.124424
-7.914464 6.147443
-7.575923 6.170463
-7.222029 6.193482
-6.829140 6.216502
-6.379478 6.239521
-5.866589 6.262540
-5.297552 6.285560
-4.691443 6.308579
-4.074803 6.331598
-3.475752 6.354618
-2.918554 6.377637
-2.420008 6.400656
-1.988202 6.423676
-1.623383 6.446695
-1.320140 6.469715
-1.070005 6.492734
-0.863746 6.515753
-0.692948 6.538773
-0.550811 6.561792
-0.432286 6.584811
-0.333796 6.607831
-0.252774 6.630850
-0.187201 6.653869
-0.135267 6.676889
-0.095179 6.699908
-0.065108 6.722927
-0.043237 6.745947
-0.027841 6.768966
-0.017370 6.791986
-0.010506 6.815005
-0.006191 6.838024
-0.003621 6.861044
-0.002224 6.884063
-0.001626 6.907082
-0.001617 6.930102
-0.002114 6.953121
-0.003129 6.976140
-0.004744 6.999160
-0.007072 7.022179
-0.010228 7.045198
-0.014314 7.068218
-0.019408 7.091237
-0.025599 7.114257
-0.033056 7.137276
-0.042143 7.160295
-0.053566 7.183315
-0.068546 7.206334
-0.088982 7.229353
-0.117606 7.252373
-0.158077 7.275392
-0.214989 7.298411
-0.293725 7.321431
-0.400081 7.344450
-0.539616 7.367470
-0.716713 7.390489
-0.933437 7.413508
-1.188389 7.436528
-1.475803 7.459547
-1.785151 7.482566
-2.101507 7.505586
-2.406751 7.528605
-2.681567 7.551624
-2.908039 7.574644
-3.072423 7.597663
-3.167622 7.620682
-3.194794 7.643702
-3.163628 7.666721
-3.091088 7.689741
-2.998708 7.712760
-2.908969 7.735779
-2.841504 7.758799
-2.809988 7.781818
-2.820389 7.804837
-2.870904 7.827857
-2.953447 7.850876
-3.056141 7.873895
-3.166077 7.896915
-3.271567 7.919934
-3.363438 7.942954
-3.435276 7.965973
-3.482957 7.988992
-3.504004 8.012012
-3.497273 8.035031
-3.463187 8.058050
-3.404352 8.081070
-3.326126 8.104089
-3.236652 8.127108
-3.146112 8.150128
-3.065250 8.173147
-3.003583 8.196166
-2.967804 8.219186
-2.960876 8.242205
-2.982065 8.265225
-3.027869 8.288244
-3.093550 8.311263
-3.174742 8.334283
-3.268565 8.357302
-3.373758 8.380321
-3.489696 8.403341
-3.614595 8.426360
-3.743660 8.449379
-3.868153 8.472399
-3.976109 8.495418
-4.054834 8.518438
-4.094494 8.541457
-4.091489 8.564476
-4.050292 8.587496
-3.982919 8.610515
-3.906170 8.633534
-3.837643 8.656554
-3.791858 8.679573
-3.777664 8.702592
-3.797372 8.725612
-3.847392 8.748631
-3.919688 8.771650
-4.003372 8.794670
-4.086040 8.817689
-4.154802 8.840709
-4.197215 8.863728
-4.202361 8.886747
-4.162174 8.909767
-4.072908 8.932786
-3.936411 8.955805
-3.760777 8.978825
-3.559957 9.001844
-3.352203 9.024863
-3.157574 9.047883
-2.995098 9.070902
-2.880338 9.093922
-2.823880 9.116941
-2.830860 9.139960
-2.901112 9.162980
-3.029371 9.185999
-3.205150 9.209018
-3.412503 9.232038
-3.630417 9.255057
-3.834722 9.278076
-4.001985 9.301096
-4.114849 9.324115
-4.167373 9.347134
-4.168369 9.370154
-4.141116 9.393173
-4.118903 9.416193
-4.137316 9.439212
-4.225357 9.462231
-4.397939 9.485251
-4.651857 9.508270
-4.966199 9.531289
-5.306823 9.554309
-5.633429 9.577328
-5.907278 9.600347
-6.097743 9.623367
-6.186504 9.646386
-6.169019 9.669406
-6.053583 9.692425
-5.858761 9.715444
-5.610103 9.738464
-5.336910 9.761483
-5.069559 9.784502
-4.837490 9.807522
-4.667670 9.830541
-4.583142 9.853560
-4.601370 9.876580
-4.732366 9.899599
-4.977013 9.922618
-5.326245 9.945638
-5.761690 9.968657
-6.257949 9.991677
-6.786030 10.014696
-7.317035 10.037715
-7.825071 10.060735
-8.288811 10.083754
-8.691748 10.106773
-9.021768 10.129793
-9.270834 10.152812
-9.435288 10.175831
-9.516768 10.198851
-9.523219 10.221870
-9.469273 10.244889
-9.375397 10.267909
-9.265608 10.290928
-9.164020 10.313948
-9.090889 10.336967
-9.059031 10.359986
-9.071485 10.383006
-9.121045 10.406025
-9.191879 10.429044
-9.262946 10.452064
-9.312483 10.475083
-9.322615 10.498102
-9.283091 10.521122
-9.193401 10.544141
-9.062834 10.567161
-8.908480 10.590180
-8.751554 10.613199
-8.612871 10.636219
-8.508536 10.659238
-8.446962 10.682257
-8.427942 10.705277
-8.443856 10.728296
-8.482348 10.751315
-8.529303 10.774335
-8.571035 10.797354
-8.595065 10.820373
-8.589715 10.843393
-8.543312 10.866412
-8.444046 10.889432
-8.281149 10.912451
-8.047398 10.935470
-7.742200 10.958490
-7.374065 10.981509
-6.961270 11.004528
-6.530006 11.027548
-6.110121 11.050567
-5.729421 11.073586
-5.408068 11.096606
-5.154701 11.119625
-4.965394 11.142645
-4.825750 11.165664
-4.715447 11.188683
-4.613926 11.211703
-4.505666 11.234722
-4.383801 11.257741
-4.251412 11.280761
-4.120472 11.303780
-4.008900 11.326799
-3.936458 11.349819
-3.920276 11.372838
-3.970784 11.395857
-4.088767 11.418877
-4.264100 11.441896
-4.476490 11.464916
-4.698143 11.487935
-4.897765 11.510954
-5.045029 11.533974
-5.114496 11.556993
-5.088319 11.580012
-4.957533 11.603032
-4.722183 11.626051
-4.390782 11.649070
-3.979415 11.672090
-3.510527 11.695109
-3.011152 11.718129
-2.510379 11.741148
-2.036130 11.764167
-1.611748 11.787187
-1.253153 11.810206
-0.967301 11.833225
-0.752320 11.856245
-0.599240 11.879264
-0.494767 11.902283
-0.424357 11.925303
-0.374842 11.948322
-0.336110 11.971341
-0.301692 11.994361
-0.268401 12.017380
-0.235393 12.040400
-0.203098 12.063419
-0.172329 12.086438
-0.143772 12.109458
-0.117810 12.132477
-0.094590 12.155496
-0.074148 12.178516
-0.056506 12.201535
-0.041677 12.224554
-0.029632 12.247574
-0.020237 12.270593
-0.013238 12.293613
-0.008277 12.316632
-0.004938 12.339651
-0.002807 12.362671
-0.001519 12.385690
-0.000783 12.408709
-0.000383 12.431729
-0.000179 12.454748
-0.000079 12.477767
-0.000033 12.500787
-0.000013 12.523806
-0.000005 12.546825
-0.000002 12.569845
-0.000001 12.592864
-0.000000 12.615884
-0.000000 12.638903
-0.000000 12.661922
-0.000000 12.684942
-0.000000 12.707961
-0.000000 12.730980
-0.000000 12.754000
-0.000000 12.777019
-0.000000 12.800038
-0.000000 12.823058
-0.000000 12.846077
-0.000000 12.869096
-0.000000 12.892116
-0.000000 12.915135
-0.000000 12.938155
-0.000000 12.961174
-0.000000 12.984193
-0.000000 13.007213
-0.000000 13.030232
-0.000000 13.053251
-0.000000 13.076271
-0.000000 13.099290
-0.000000 13.122309
-0.000000 13.145329
-0.000000 13.168348
-0.000000 13.191368
-0.000000 13.214387
-0.000000 13.237406
-0.000000 13.260426
-0.000000 13.283445
-0.000000 13.306464
-0.000000 13.329484
-0.000000 13.352503
-0.000000 13.375522
-0.000000 13.398542
-0.000000 13.421561
-0.000000 13.444580
-0.000000 13.467600
-0.000000 13.490619
-0.000000 13.513639
-0.000000 13.536658
-0.000000 13.559677
-0.000000 13.582697
-0.000000 13.605716
-0.000000 13.628735
-0.000000 13.651755
-0.000000 13.674774
-0.000000 13.697793
-0.000000 13.720813
-0.000000 13.743832
-0.000000 13.766852
-0.000000 13.789871
-0.000000 13.812890
-0.000000 13.835910
-0.000000 13.858929
-0.000000 13.881948
-0.000000 13.904968
-0.000000 13.927987
-0.000000 13.951006
-0.000000 13.974026
-0.000000 13.997045
-0.000000 14.020064
-0.000000 14.043084
-0.000000 14.066103
-0.000000 14.089123
-0.000000 14.112142
-0.000000 14.135161
-0.000000 14.158181
-0.000000 14.181200

