0.000000 -31.834500
0.000000 -31.811481
0.000000 -31.788461
0.000000 -31.765442
0.000000 -31.742423
0.000000 -31.719403
0.000000 -31.696384
0.000000 -31.673364
0.000000 -31.650345
0.000000 -31.627326
0.000000 -31.604306
0.000000 -31.581287
0.000000 -31.558268
0.000000 -31.535248
0.000000 -31.512229
0.000000 -31.489210
0.000000 -31.466190
0.000000 -31.443171
0.000000 -31.420152
0.000000 -31.397132
0.000000 -31.374113
0.000000 -31.351093
0.000000 -31.328074
0.000000 -31.305055
0.000000 -31.282035
0.000000 -31.259016
0.000000 -31.235997
0.000000 -31.212977
0.000000 -31.189958
0.000000 -31.166939
0.000000 -31.143919
0.000000 -31.120900
0.000000 -31.097880
0.000000 -31.074861
0.000000 -31.051842
0.000000 -31.028822
0.000000 -31.005803
0.000000 -30.982784
0.000000 -30.959764
0.000000 -30.936745
0.000000 -30.913726
0.000000 -30.890706
0.000000 -30.867687
0.000000 -30.844668
0.000000 -30.821648
0.000000 -30.798629
0.000000 -30.775609
0.000000 -30.752590
0.000000 -30.729571
0.000000 -30.706551
0.000000 -30.683532
0.000000 -30.660513
0.000000 -30.637493
0.000000 -30.614474
0.000000 -30.591455
0.000000 -30.568435
0.000000 -30.545416
0.000000 -30.522396
0.000000 -30.499377
0.000000 -30.476358
0.000000 -30.453338
0.000000 -30.430319
0.000000 -30.407300
0.000000 -30.384280
0.000000 -30.361261
0.000001 -30.338242
0.000006 -30.315222
0.000021 -30.292203
0.000072 -30.269184
0.000239 -30.246164
0.000755 -30.223145
0.002267 -30.200125
0.006483 -30.177106
0.017650 -30.154087
0.045758 -30.131067
0.112972 -30.108048
0.265651 -30.085029
0.595056 -30.062009
1.269966 -30.038990
2.582930 -30.015971
5.007678 -29.992951
9.257666 -29.969932
16.325530 -29.946913
27.473645 -29.923893
44.142249 -29.900874
67.750236 -29.877854
99.388425 -29.854835
139.443412 -29.831816
187.231419 -29.808796
240.749062 -29.785777
296.645492 -29.762758
350.480758 -29.739738
397.265545 -29.716719
432.198194 -29.693700
451.451971 -29.670680
452.840168 -29.647661
436.207327 -29.624641
403.456043 -29.601622
358.203675 -29.578603
305.149268 -29.555583
249.295674 -29.532564
195.197965 -29.509545
146.389979 -29.486525
105.082831 -29.463506
72.151797 -29.440487
47.356338 -29.417467
29.693486 -29.394448
17.776762 -29.371429
10.156187 -29.348409
5.534722 -29.325390
2.875880 -29.302370
1.424292 -29.279351
0.672116 -29.256332
0.302124 -29.233312
0.129337 -29.210293
0.052718 -29.187274
0.020456 -29.164254
0.007555 -29.141235
0.002656 -29.118216
0.000888 -29.095196
0.000283 -29.072177
0.000086 -29.049157
0.000025 -29.026138
0.000007 -29.003119
0.000002 -28.980099
0.000000 -28.957080
0.000000 -28.934061
0.000000 -28.911041
0.000000 -28.888022
0.000000 -28.865003
0.000000 -28.841983
0.000000 -28.818964
0.000000 -28.795945
0.000000 -28.772925
0.000000 -28.749906
0.000000 -28.726886
0.000000 -28.703867
0.000000 -28.680848
0.000000 -28.657828
0.000000 -28.634809
0.000000 -28.611790
0.000000 -28.588770
0.000000 -28.565751
0.000000 -28.542732
0.000000 -28.519712
0.000000 -28.496693
0.000000 -28.473673
0.000000 -28.450654
0.000000 -28.427635
0.000000 -28.404615
0.000000 -28.381596
0.000000 -28.358577
0.000000 -28.335557
0.000000 -28.312538
0.000000 -28.289519
0.000000 -28.266499
0.000000 -28.243480
0.000000 -28.220461
0.000000 -28.197441
0.000000 -28.174422
0.000000 -28.151402
0.000000 -28.128383
0.000000 -28.105364
0.000000 -28.082344
0.000000 -28.059325
0.000000 -28.036306
0.000000 -28.013286
0.000000 -27.990267
0.000000 -27.967248
0.000000 -27.944228
0.000000 -27.921209
0.000000 -27.898189
0.000000 -27.875170
0.000000 -27.852151
0.000000 -27.829131
0.000000 -27.806112
0.000000 -27.783093
0.000000 -27.760073
0.000000 -27.737054
0.000000 -27.714035
0.000000 -27.691015
0.000000 -27.667996
0.000000 -27.644977
0.000000 -27.621957
0.000000 -27.598938
0.000000 -27.575918
0.000000 -27.552899
0.000000 -27.529880
0.000000 -27.506860
0.000000 -27.483841
0.000000 -27.460822
0.000000 -27.437802
0.000000 -27.414783
0.000000 -27.391764
0.000000 -27.368744
0.000000 -27.345725
0.000000 -27.322706
0.000000 -27.299686
0.000000 -27.276667
0.000000 -27.253647
0.000000 -27.230628
0.000000 -27.207609
0.000000 -27.184589
0.000000 -27.161570
0.000000 -27.138551
0.000000 -27.115531
0.000000 -27.092512
0.000000 -27.069493
0.000000 -27.046473
0.000000 -27.023454
0.000000 -27.000434
0.000000 -26.977415
0.000000 -26.954396
0.000000 -26.931376
0.000000 -26.908357
0.000000 -26.885338
0.000000 -26.862318
0.000000 -26.839299
0.000000 -26.816280
0.000000 -26.793260
0.000000 -26.770241
0.000000 -26.747222
0.000000 -26.724202
0.000000 -26.701183
0.000000 -26.678163
0.000000 -26.655144
0.000000 -26.632125
0.000000 -26.609105
0.000000 -26.586086
0.000000 -26.563067
0.000000 -26.540047
0.000000 -26.517028
0.000000 -26.494009
0.000000 -26.470989
0.000000 -26.447970
0.000000 -26.424950
0.000000 -26.401931
0.000000 -26.378912
0.000000 -26.355892
0.000000 -26.332873
0.000000 -26.309854
0.000000 -26.286834
0.000000 -26.263815
0.000000 -26.240796
0.000000 -26.217776
0.000000 -26.194757
0.000000 -26.171738
0.000000 -26.148718
0.000000 -26.125699
0.000000 -26.102679
0.000000 -26.079660
0.000000 -26.056641
0.000000 -26.033621
0.000000 -26.010602
0.000000 -25.987583
0.000000 -25.964563
0.000000 -25.941544
0.000000 -25.918525
0.000000 -25.895505
0.000000 -25.872486
0.000000 -25.849466
0.000000 -25.826447
0.000000 -25.803428
0.000000 -25.780408
0.000000 -25.757389
0.000000 -25.734370
0.000000 -25.711350
0.000000 -25.688331
0.000000 -25.665312
0.000000 -25.642292
0.000000 -25.619273
0.000000 -25.596254
0.000000 -25.573234
0.000000 -25.550215
0.000000 -25.527195
0.000000 -25.504176
0.000000 -25.481157
0.000000 -25.458137
0.000000 -25.435118
0.000000 -25.412099
0.000000 -25.389079
0.000000 -25.366060
0.000000 -25.343041
0.000000 -25.320021
0.000000 -25.297002
0.000000 -25.273982
0.000000 -25.250963
0.000000 -25.227944
0.000000 -25.204924
0.000000 -25.181905
0.000000 -25.158886
0.000000 -25.135866
0.000000 -25.112847
0.000000 -25.089828
0.000000 -25.066808
0.000000 -25.043789
0.000000 -25.020770
0.000000 -24.997750
0.000000 -24.974731
0.000000 -24.951711
0.000000 -24.928692
0.000000 -24.905673
0.000000 -24.882653
0.000000 -24.859634
0.000000 -24.836615
0.000000 -24.813595
0.000000 -24.790576
0.000000 -24.767557
0.000000 -24.744537
0.000000 -24.721518
0.000000 -24.698498
0.000000 -24.675479
0.000000 -24.652460
0.000000 -24.629440
0.000000 -24.606421
0.000000 -24.583402
0.000000 -24.560382
0.000000 -24.537363
0.000000 -24.514344
0.000000 -24.491324
0.000000 -24.468305
0.000000 -24.445286
0.000000 -24.422266
0.000000 -24.399247
0.000000 -24.376227
0.000000 -24.353208
0.000000 -24.330189
0.000000 -24.307169
0.000000 -24.284150
0.000000 -24.261131
0.000000 -24.238111
0.000000 -24.215092
0.000000 -24.192073
0.000000 -24.169053
0.000000 -24.146034
0.000000 -24.123015
0.000000 -24.099995
0.000000 -24.076976
0.000000 -24.053956
0.000000 -24.030937
0.000000 -24.007918
0.000000 -23.984898
0.000000 -23.961879
0.000000 -23.938860
0.000000 -23.915840
0.000000 -23.892821
0.000000 -23.869802
0.000000 -23.846782
0.000000 -23.823763
0.000000 -23.800743
0.000000 -23.777724
0.000000 -23.754705
0.000000 -23.731685
0.000000 -23.708666
0.000000 -23.685647
0.000000 -23.662627
0.000000 -23.639608
0.000000 -23.616589
0.000000 -23.593569
0.000000 -23.570550
0.000000 -23.547531
0.000000 -23.524511
0.000000 -23.501492
0.000000 -23.478472
0.000000 -23.455453
0.000000 -23.432434
0.000000 -23.409414
0.000000 -23.386395
0.000000 -23.363376
0.000000 -23.340356
0.000000 -23.317337
0.000000 -23.294318
0.000000 -23.271298
0.000000 -23.248279
0.000000 -23.225259
0.000000 -23.202240
0.000000 -23.179221
0.000000 -23.156201
0.000000 -23.133182
0.000000 -23.110163
0.000000 -23.087143
0.000000 -23.064124
0.000000 -23.041105
0.000000 -23.018085
0.000000 -22.995066
0.000000 -22.972047
0.000000 -22.949027
0.000000 -22.926008
0.000000 -22.902988
0.000000 -22.879969
0.000000 -22.856950
0.000000 -22.833930
0.000000 -22.810911
0.000000 -22.787892
0.000000 -22.764872
0.000000 -22.741853
0.000000 -22.718834
0.000000 -22.695814
0.000000 -22.672795
0.000000 -22.649775
0.000000 -22.626756
0.000000 -22.603737
0.000000 -22.580717
0.000000 -22.557698
0.000000 -22.534679
0.000000 -22.511659
0.000000 -22.488640
0.000000 -22.465621
0.000000 -22.442601
0.000000 -22.419582
0.000000 -22.396563
0.000000 -22.373543
0.000000 -22.350524
0.000000 -22.327504
0.000000 -22.304485
0.000000 -22.281466
0.000000 -22.258446
0.000000 -22.235427
0.000000 -22.212408
0.000000 -22.189388
0.000000 -22.166369
0.000000 -22.143350
0.000000 -22.120330
0.000000 -22.097311
0.000000 -22.074291
0.000000 -22.051272
0.000000 -22.028253
0.000000 -22.005233
0.000000 -21.982214
0.000000 -21.959195
0.000000 -21.936175
0.000000 -21.913156
0.000000 -21.890137
0.000000 -21.867117
0.000000 -21.844098
0.000000 -21.821079
0.000000 -21.798059
0.000000 -21.775040
0.000000 -21.752020
0.000000 -21.729001
0.000000 -21.705982
0.000000 -21.682962
0.000000 -21.659943
0.000000 -21.636924
0.000000 -21.613904
0.000000 -21.590885
0.000000 -21.567866
0.000000 -21.544846
0.000000 -21.521827
0.000000 -21.498808
0.000000 -21.475788
0.000000 -21.452769
0.000000 -21.429749
0.000000 -21.406730
0.000000 -21.383711
0.000000 -21.360691
0.000000 -21.337672
0.000000 -21.314653
0.000000 -21.291633
0.000000 -21.268614
0.000000 -21.245595
0.000000 -21.222575
0.000000 -21.199556
0.000000 -21.176536
0.000000 -21.153517
0.000000 -21.130498
0.000000 -21.107478
0.000000 -21.084459
0.000000 -21.061440
0.000000 -21.038420
0.000000 -21.015401
0.000000 -20.992382
0.000000 -20.969362
0.000000 -20.946343
0.000000 -20.923324
0.000000 -20.900304
0.000000 -20.877285
0.000000 -20.854265
0.000000 -20.831246
0.000000 -20.808227
0.000000 -20.785207
0.000000 -20.762188
0.000000 -20.739169
0.000000 -20.716149
0.000000 -20.693130
0.000000 -20.670111
0.000000 -20.647091
0.000000 -20.624072
0.000000 -20.601052
0.000000 -20.578033
0.000000 -20.555014
0.000000 -20.531994
0.000000 -20.508975
0.000002 -20.485956
0.000006 -20.462936
0.000024 -20.439917
0.000085 -20.416898
0.000289 -20.393878
0.000933 -20.370859
0.002867 -20.347840
0.008385 -20.324820
0.023334 -20.301801
0.061778 -20.278781
0.155616 -20.255762
0.372932 -20.232743
0.850229 -20.209723
1.843980 -20.186704
3.804311 -20.163685
7.465882 -20.140665
13.936690 -20.117646
24.745760 -20.094627
41.792205 -20.071607
67.132825 -20.048588
102.568165 -20.025568
149.046589 -20.002549
205.995572 -19.979530
270.779264 -19.956510
338.524797 -19.933491
402.512646 -19.910472
455.176003 -19.887452
489.538831 -19.864433
500.726248 -19.841414
487.098376 -19.818394
450.644407 -19.795375
396.506462 -19.772356
331.790260 -19.749336
264.041529 -19.726317
199.836260 -19.703297
143.836139 -19.680278
98.458142 -19.657259
64.094883 -19.634239
39.680887 -19.611220
23.362741 -19.588201
13.081235 -19.565181
6.965530 -19.542162
3.527265 -19.519143
1.698628 -19.496123
0.777915 -19.473104
0.338795 -19.450084
0.140317 -19.427065
0.055265 -19.404046
0.020699 -19.381026
0.007373 -19.358007
0.002497 -19.334988
0.000804 -19.311968
0.000246 -19.288949
0.000072 -19.265930
0.000020 -19.242910
0.000005 -19.219891
0.000001 -19.196872
0.000000 -19.173852
0.000000 -19.150833
0.000000 -19.127813
0.000000 -19.104794
0.000000 -19.081775
0.000000 -19.058755
0.000000 -19.035736
0.000000 -19.012717
0.000000 -18.989697
0.000000 -18.966678
0.000000 -18.943659
0.000000 -18.920639
0.000000 -18.897620
0.000000 -18.874601
0.000000 -18.851581
0.000000 -18.828562
0.000000 -18.805542
0.000000 -18.782523
0.000000 -18.759504
0.000000 -18.736484
0.000000 -18.713465
0.000000 -18.690446
0.000000 -18.667426
0.000000 -18.644407
0.000000 -18.621388
0.000000 -18.598368
0.000000 -18.575349
0.000000 -18.552329
0.000000 -18.529310
0.000000 -18.506291
0.000000 -18.483271
0.000000 -18.460252
0.000000 -18.437233
0.000000 -18.414213
0.000000 -18.391194
0.000000 -18.368175
0.000000 -18.345155
0.000000 -18.322136
0.000000 -18.299117
0.000000 -18.276097
0.000000 -18.253078
0.000000 -18.230058
0.000000 -18.207039
0.000000 -18.184020
0.000000 -18.161000
0.000000 -18.137981
0.000000 -18.114962
0.000000 -18.091942
0.000000 -18.068923
0.000000 -18.045904
0.000000 -18.022884
0.000000 -17.999865
0.000000 -17.976845
0.000000 -17.953826
0.000000 -17.930807
0.000000 -17.907787
0.000000 -17.884768
0.000000 -17.861749
0.000000 -17.838729
0.000000 -17.815710
0.000000 -17.792691
0.000000 -17.769671
0.000000 -17.746652
0.000000 -17.723633
0.000000 -17.700613
0.000000 -17.677594
0.000000 -17.654574
0.000000 -17.631555
0.000000 -17.608536
0.000000 -17.585516
0.000000 -17.562497
0.000000 -17.539478
0.000000 -17.516458
0.000000 -17.493439
0.000000 -17.470420
0.000000 -17.447400
0.000000 -17.424381
0.000000 -17.401361
0.000000 -17.378342
0.000000 -17.355323
0.000000 -17.332303
0.000000 -17.309284
0.000000 -17.286265
0.000000 -17.263245
0.000000 -17.240226
0.000000 -17.217207
0.000000 -17.194187
0.000000 -17.171168
0.000000 -17.148149
0.000000 -17.125129
0.000000 -17.102110
0.000000 -17.079090
0.000000 -17.056071
0.000000 -17.033052
0.000000 -17.010032
0.000000 -16.987013
0.000000 -16.963994
0.000000 -16.940974
0.000000 -16.917955
0.000000 -16.894936
0.000000 -16.871916
0.000000 -16.848897
0.000000 -16.825877
0.000000 -16.802858
0.000000 -16.779839
0.000000 -16.756819
0.000000 -16.733800
0.000000 -16.710781
0.000000 -16.687761
0.000000 -16.664742
0.000000 -16.641723
0.000000 -16.618703
0.000000 -16.595684
0.000000 -16.572665
0.000000 -16.549645
0.000000 -16.526626
0.000000 -16.503606
0.000000 -16.480587
0.000000 -16.457568
0.000000 -16.434548
0.000000 -16.411529
0.000000 -16.388510
0.000000 -16.365490
0.000000 -16.342471
0.000000 -16.319452
0.000000 -16.296432
0.000000 -16.273413
0.000000 -16.250393
0.000001 -16.227374
0.000003 -16.204355
0.000008 -16.181335
0.000024 -16.158316
0.000065 -16.135297
0.000172 -16.112277
0.000434 -16.089258
0.001046 -16.066239
0.002411 -16.043219
0.005317 -16.020200
0.011221 -15.997181
0.022668 -15.974161
0.043867 -15.951142
0.081370 -15.928122
0.144788 -15.905103
0.247360 -15.882084
0.406200 -15.859064
0.642009 -15.836045
0.978204 -15.813026
1.439580 -15.790006
2.050860 -15.766987
2.835641 -15.743968
3.816194 -15.720948
5.014341 -15.697929
6.453167 -15.674910
8.158893 -15.651890
10.162012 -15.628871
12.496834 -15.605851
15.198964 -15.582832
18.300744 -15.559813
21.825116 -15.536793
25.778640 -15.513774
30.144566 -15.490755
34.876938 -15.467735
39.896865 -15.444716
45.092266 -15.421697
50.322419 -15.398677
55.428392 -15.375658
60.249533 -15.352638
64.644643 -15.329619
68.514279 -15.306600
71.818541 -15.283580
74.583967 -15.260561
76.894799 -15.237542
78.868507 -15.214522
80.621593 -15.191503
82.236782 -15.168484
83.743608 -15.145464
85.119668 -15.122445
86.310879 -15.099426
87.259980 -15.076406
87.928225 -15.053387
88.298549 -15.030367
88.358633 -15.007348
88.074379 -14.984329
87.372108 -14.961309
86.146556 -14.938290
84.300967 -14.915271
81.809596 -14.892251
78.778888 -14.869232
75.478409 -14.846213
72.319690 -14.823193
69.778590 -14.800174
68.278427 -14.777154
68.068542 -14.754135
69.139111 -14.731116
71.204734 -14.708096
73.768660 -14.685077
76.253077 -14.662058
78.157967 -14.639038
79.200029 -14.616019
79.388845 -14.593000
79.018109 -14.569980
78.577977 -14.546961
78.619413 -14.523942
79.613436 -14.500922
81.843509 -14.477903
85.351610 -14.454883
89.937150 -14.431864
95.192755 -14.408845
100.557560 -14.385825
105.375827 -14.362806
108.959338 -14.339787
110.658290 -14.316767
109.942935 -14.293748
106.488592 -14.270729
100.246088 -14.247709
91.475292 -14.224690
80.724953 -14.201670
68.756333 -14.178651
56.425296 -14.155632
44.550459 -14.132612
33.798558 -14.109593
24.611440 -14.086574
17.185251 -14.063554
11.497228 -14.040535
7.364272 -14.017516
4.513183 -13.994496
2.644842 -13.971477
1.481337 -13.948458
0.792578 -13.925438
0.404931 -13.902419
0.197472 -13.879399
0.091889 -13.856380
0.040787 -13.833361
0.017265 -13.810341
0.006967 -13.787322
0.002680 -13.764303
0.000982 -13.741283
0.000343 -13.718264
0.000114 -13.695245
0.000036 -13.672225
0.000011 -13.649206
0.000003 -13.626186
0.000001 -13.603167
0.000000 -13.580148
0.000000 -13.557128
0.000000 -13.534109
0.000000 -13.511090
0.000000 -13.488070
0.000000 -13.465051
0.000000 -13.442032
0.000000 -13.419012
0.000000 -13.395993
0.000000 -13.372974
0.000000 -13.349954
0.000000 -13.326935
0.000000 -13.303915
0.000000 -13.280896
0.000000 -13.257877
0.000000 -13.234857
0.000000 -13.211838
0.000000 -13.188819
0.000000 -13.165799
0.000000 -13.142780
0.000000 -13.119761
0.000000 -13.096741
0.000000 -13.073722
0.000000 -13.050703
0.000000 -13.027683
0.000000 -13.004664
0.000000 -12.981644
0.000000 -12.958625
0.000000 -12.935606
0.000000 -12.912586
0.000000 -12.889567
0.000000 -12.866548
0.000000 -12.843528
0.000000 -12.820509
0.000000 -12.797490
0.000000 -12.774470
0.000000 -12.751451
0.000000 -12.728431
0.000000 -12.705412
0.000000 -12.682393
0.000000 -12.659373
0.000000 -12.636354
0.000000 -12.613335
0.000000 -12.590315
0.000000 -12.567296
0.000000 -12.544277
0.000000 -12.521257
0.000000 -12.498238
0.000000 -12.475219
0.000000 -12.452199
0.000000 -12.429180
0.000000 -12.406160
0.000000 -12.383141
0.000000 -12.360122
0.000000 -12.337102
0.000000 -12.314083
0.000000 -12.291064
0.000000 -12.268044
0.000000 -12.245025
0.000000 -12.222006
0.000000 -12.198986
0.000000 -12.175967
0.000000 -12.152947
0.000000 -12.129928
0.000000 -12.106909
0.000000 -12.083889
0.000000 -12.060870
0.000000 -12.037851
0.000000 -12.014831
0.000000 -11.991812
0.000000 -11.968793
0.000000 -11.945773
0.000000 -11.922754
0.000000 -11.899735
0.000000 -11.876715
0.000000 -11.853696
0.000000 -11.830676
0.000000 -11.807657
0.000000 -11.784638
0.000000 -11.761618
0.000000 -11.738599
0.000000 -11.715580
0.000000 -11.692560
0.000000 -11.669541
0.000000 -11.646522
0.000000 -11.623502
0.000000 -11.600483
0.000000 -11.577463
0.000000 -11.554444
0.000000 -11.531425
0.000000 -11.508405
0.000000 -11.485386
0.000000 -11.462367
0.000000 -11.439347
0.000000 -11.416328
0.000000 -11.393309
0.000000 -11.370289
0.000000 -11.347270
0.000000 -11.324251
0.000000 -11.301231
0.000000 -11.278212
0.000000 -11.255192
0.000000 -11.232173
0.000000 -11.209154
0.000000 -11.186134
0.000000 -11.163115
0.000000 -11.140096
0.000000 -11.117076
0.000000 -11.094057
0.000000 -11.071038
0.000000 -11.048018
0.000000 -11.024999
0.000000 -11.001979
0.000000 -10.978960
0.000000 -10.955941
0.000000 -10.932921
0.000000 -10.909902
0.000000 -10.886883
0.000000 -10.863863
0.000000 -10.840844
0.000000 -10.817825
0.000000 -10.794805
0.000000 -10.771786
0.000000 -10.748767
0.000000 -10.725747
0.000000 -10.702728
0.000000 -10.679708
0.000000 -10.656689
0.000000 -10.633670
0.000000 -10.610650
0.000000 -10.587631
0.000000 -10.564612
0.000000 -10.541592
0.000000 -10.518573
0.000000 -10.495554
0.000000 -10.472534
0.000000 -10.449515
0.000000 -10.426495
0.000000 -10.403476
0.000000 -10.380457
0.000000 -10.357437
0.000000 -10.334418
0.000000 -10.311399
0.000000 -10.288379
0.000000 -10.265360
0.000000 -10.242341
0.000000 -10.219321
0.000000 -10.196302
0.000000 -10.173283
0.000000 -10.150263
0.000000 -10.127244
0.000000 -10.104224
0.000000 -10.081205
0.000000 -10.058186
0.000000 -10.035166
0.000000 -10.012147
0.000000 -9.989128
0.000000 -9.966108
0.000000 -9.943089
0.000000 -9.920070
0.000000 -9.897050
0.000000 -9.874031
0.000000 -9.851012
0.000000 -9.827992
0.000000 -9.804973
0.000000 -9.781953
0.000000 -9.758934
0.000000 -9.735915
0.000000 -9.712895
0.000000 -9.689876
0.000000 -9.666857
0.000000 -9.643837
0.000000 -9.620818
0.000000 -9.597799
0.000000 -9.574779
0.000000 -9.551760
0.000000 -9.528740
0.000000 -9.505721
0.000000 -9.482702
0.000000 -9.459682
0.000000 -9.436663
0.000000 -9.413644
0.000000 -9.390624
0.000000 -9.367605
0.000000 -9.344586
0.000000 -9.321566
0.000000 -9.298547
0.000000 -9.275528
0.000000 -9.252508
0.000000 -9.229489
0.000000 -9.206469
0.000000 -9.183450
0.000000 -9.160431
0.000000 -9.137411
0.000000 -9.114392
0.000000 -9.091373
0.000000 -9.068353
0.000000 -9.045334
0.000000 -9.022315
0.000000 -8.999295
0.000000 -8.976276
0.000000 -8.953256
0.000000 -8.930237
0.000000 -8.907218
0.000000 -8.884198
0.000000 -8.861179
0.000000 -8.838160
0.000000 -8.815140
0.000000 -8.792121
0.000000 -8.769102
0.000000 -8.746082
0.000000 -8.723063
0.000000 -8.700044
0.000000 -8.677024
0.000000 -8.654005
0.000000 -8.630985
0.000000 -8.607966
0.000000 -8.584947
0.000000 -8.561927
0.000000 -8.538908
0.000000 -8.515889
0.000000 -8.492869
0.000000 -8.469850
0.000000 -8.446831
0.000000 -8.423811
0.000000 -8.400792
0.000000 -8.377772
0.000000 -8.354753
0.000000 -8.331734
0.000000 -8.308714
0.000000 -8.285695
0.000000 -8.262676
0.000000 -8.239656
0.000000 -8.216637
0.000000 -8.193618
0.000000 -8.170598
0.000000 -8.147579
0.000000 -8.124560
0.000000 -8.101540
0.000000 -8.078521
0.000000 -8.055501
0.000000 -8.032482
0.000000 -8.009463
0.000000 -7.986443
0.000000 -7.963424
0.000000 -7.940405
0.000000 -7.917385
0.000000 -7.894366
0.000000 -7.871347
0.000000 -7.848327
0.000000 -7.825308
0.000000 -7.802288
0.000000 -7.779269
0.000000 -7.756250
0.000000 -7.733230
0.000000 -7.710211
0.000000 -7.687192
0.000000 -7.664172
0.000000 -7.641153
0.000000 -7.618134
0.000000 -7.595114
0.000000 -7.572095
0.000000 -7.549076
0.000000 -7.526056
0.000000 -7.503037
0.000000 -7.480017
0.000000 -7.456998
0.000000 -7.433979
0.000000 -7.410959
0.000000 -7.387940
0.000000 -7.364921
0.000000 -7.341901
0.000000 -7.318882
0.000000 -7.295863
0.000000 -7.272843
0.000000 -7.249824
0.000000 -7.226805
0.000000 -7.203785
0.000000 -7.180766
0.000000 -7.157746
0.000000 -7.134727
0.000000 -7.111708
0.000000 -7.088688
0.000000 -7.065669
0.000000 -7.042650
0.000000 -7.019630
0.000000 -6.996611
0.000000 -6.973592
0.000000 -6.950572
0.000000 -6.927553
0.000000 -6.904533
0.000000 -6.881514
0.000000 -6.858495
0.000000 -6.835475
0.000000 -6.812456
0.000000 -6.789437
0.000000 -6.766417
0.000000 -6.743398
0.000000 -6.720379
0.000000 -6.697359
0.000000 -6.674340
0.000000 -6.651321
0.000000 -6.628301
0.000000 -6.605282
0.000000 -6.582262
0.000000 -6.559243
0.000000 -6.536224
0.000000 -6.513204
0.000000 -6.490185
0.000000 -6.467166
0.000000 -6.444146
0.000000 -6.421127
0.000000 -6.398108
0.000000 -6.375088
0.000000 -6.352069
0.000000 -6.329049
0.000000 -6.306030
0.000000 -6.283011
0.000000 -6.259991
0.000000 -6.236972
0.000000 -6.213953
0.000000 -6.190933
0.000000 -6.167914
0.000000 -6.144895
0.000000 -6.121875
0.000000 -6.098856
0.000000 -6.075837
0.000000 -6.052817
0.000000 -6.029798
0.000000 -6.006778
0.000000 -5.983759
0.000000 -5.960740
0.000000 -5.937720
0.000000 -5.914701
0.000000 -5.891682
0.000000 -5.868662
0.000000 -5.845643
0.000000 -5.822624
0.000000 -5.799604
0.000000 -5.776585
0.000000 -5.753565
0.000000 -5.730546
0.000000 -5.707527
0.000000 -5.684507
0.000000 -5.661488
0.000000 -5.638469
0.000000 -5.615449
0.000000 -5.592430
0.000000 -5.569411
0.000000 -5.546391
0.000000 -5.523372
0.000000 -5.500353
0.000000 -5.477333
0.000000 -5.454314
0.000000 -5.431294
0.000000 -5.408275
0.000000 -5.385256
0.000000 -5.362236
0.000000 -5.339217
0.000000 -5.316198
0.000000 -5.293178
0.000000 -5.270159
0.000000 -5.247140
0.000000 -5.224120
0.000000 -5.201101
0.000000 -5.178081
0.000000 -5.155062
0.000000 -5.132043
0.000000 -5.109023
0.000000 -5.086004
0.000000 -5.062985
0.000000 -5.039965
0.000000 -5.016946
0.000000 -4.993927
0.000000 -4.970907
0.000000 -4.947888
0.000000 -4.924869
0.000000 -4.901849
0.000000 -4.878830
0.000000 -4.855810
0.000000 -4.832791
0.000000 -4.809772
0.000000 -4.786752
0.000000 -4.763733
0.000000 -4.740714
0.000000 -4.717694
0.000000 -4.694675
0.000000 -4.671656
0.000000 -4.648636
0.000000 -4.625617
0.000000 -4.602597
0.000000 -4.579578
0.000000 -4.556559
0.000000 -4.533539
0.000000 -4.510520
0.000000 -4.487501
0.000000 -4.464481
0.000000 -4.441462
0.000000 -4.418443
0.000000 -4.395423
0.000000 -4.372404
0.000000 -4.349385
0.000000 -4.326365
0.000000 -4.303346
0.000000 -4.280326
0.000000 -4.257307
0.000002 -4.234288
0.000005 -4.211268
0.000016 -4.188249
0.000048 -4.165230
0.000138 -4.142210
0.000379 -4.119191
0.000988 -4.096172
0.002456 -4.073152
0.005824 -4.050133
0.013180 -4.027114
0.028474 -4.004094
0.058771 -3.981075
0.115985 -3.958055
0.219072 -3.935036
0.396476 -3.912017
0.688460 -3.888997
1.148796 -3.865978
1.845256 -3.842959
2.858400 -3.819939
4.278260 -3.796920
6.198504 -3.773901
8.707547 -3.750881
11.875968 -3.727862
15.739939 -3.704842
20.281769 -3.681823
25.411071 -3.658804
30.952885 -3.635784
36.650424 -3.612765
42.188284 -3.589746
47.236045 -3.566726
51.503772 -3.543707
54.793735 -3.520688
57.031012 -3.497668
58.261682 -3.474649
58.619416 -3.451630
58.273850 -3.428610
57.381133 -3.405591
56.054747 -3.382571
54.364592 -3.359552
52.359737 -3.336533
50.101252 -3.313513
47.689600 -3.290494
45.275586 -3.267475
43.051269 -3.244455
41.223892 -3.221436
39.979724 -3.198417
39.446070 -3.175397
39.659707 -3.152378
40.549465 -3.129358
41.939279 -3.106339
43.574688 -3.083320
45.170134 -3.060300
46.467448 -3.037281
47.290273 -3.014262
47.578045 -2.991242
47.388286 -2.968223
46.866530 -2.945204
46.195207 -2.922184
45.540922 -2.899165
45.019778 -2.876146
44.692040 -2.853126
44.584199 -2.830107
44.724263 -2.807087
45.170580 -2.784068
46.017940 -2.761049
47.375395 -2.738029
49.323159 -2.715010
51.865462 -2.691991
54.898582 -2.668971
58.207862 -2.645952
61.497078 -2.622933
64.442284 -2.599913
66.754382 -2.576894
68.232711 -2.553874
68.795896 -2.530855
68.484118 -2.507836
67.435689 -2.484816
65.847288 -2.461797
63.929751 -2.438778
61.870056 -2.415758
59.806462 -2.392739
57.819591 -2.369720
55.938732 -2.346700
54.160000 -2.323681
52.470988 -2.300662
50.875044 -2.277642
49.407976 -2.254623
48.141632 -2.231603
47.172529 -2.208584
46.598612 -2.185565
46.491349 -2.162545
46.872013 -2.139526
47.699509 -2.116507
48.873209 -2.093487
50.249606 -2.070468
51.667767 -2.047449
52.976639 -2.024429
54.057634 -2.001410
54.838125 -1.978390
55.294822 -1.955371
55.449040 -1.932352
55.357520 -1.909332
55.102010 -1.886313
54.778880 -1.863294
54.488057 -1.840274
54.320110 -1.817255
54.341944 -1.794236
54.584338 -1.771216
55.036410 -1.748197
55.651196 -1.725178
56.362686 -1.702158
57.109274 -1.679139
57.854719 -1.656119
58.597575 -1.633100
59.364338 -1.610081
60.188635 -1.587061
61.085200 -1.564042
62.030163 -1.541023
62.956658 -1.518003
63.768213 -1.494984
64.364811 -1.471965
64.671490 -1.448945
64.659101 -1.425926
64.351086 -1.402907
63.816408 -1.379887
63.153994 -1.356868
62.475745 -1.333848
61.893223 -1.310829
61.509180 -1.287810
61.411706 -1.264790
61.667820 -1.241771
62.315037 -1.218752
63.352357 -1.195732
64.734256 -1.172713
66.371197 -1.149694
68.137917 -1.126674
69.887729 -1.103655
71.468796 -1.080635
72.738137 -1.057616
73.570885 -1.034597
73.865056 -1.011577
73.544466 -0.988558
72.563157 -0.965539
70.913426 -0.942519
68.636719 -0.919500
65.833554 -0.896481
62.666791 -0.873461
59.353074 -0.850442
56.140287 -0.827423
53.273309 -0.804403
50.954527 -0.781384
49.307889 -0.758364
48.355083 -0.735345
48.010000 -0.712326
48.093855 -0.689306
48.368958 -0.666287
48.584977 -0.643268
48.528122 -0.620248
48.062195 -0.597229
47.151722 -0.574210
45.861857 -0.551190
44.336277 -0.528171
42.760647 -0.505151
41.322790 -0.482132
40.180098 -0.459113
39.440445 -0.436093
39.157243 -0.413074
39.334928 -0.390055
39.939650 -0.367035
40.911037 -0.344016
42.172970 -0.320997
43.642839 -0.297977
45.238946 -0.274958
46.885396 -0.251939
48.513753 -0.228919
50.061791 -0.205900
51.471185 -0.182880
52.687006 -0.159861
53.661523 -0.136842
54.362817 -0.113822
54.786140 -0.090803
54.963803 -0.067784
54.968894 -0.044764
54.909416 -0.021745
54.912193 0.001274
55.099182 0.024294
55.561566 0.047313
56.338374 0.070333
57.405883 0.093352
58.681736 0.116371
60.044127 0.139391
61.362479 0.162410
62.532639 0.185429
63.507800 0.208449
64.316566 0.231468
65.062287 0.254487
65.902445 0.277507
67.012607 0.300526
68.544290 0.323545
70.588288 0.346565
73.153320 0.369584
76.164788 0.392604
79.481908 0.415623
82.926129 0.438642
86.311739 0.461662
89.471194 0.484681
92.271638 0.507700
94.623086 0.530720
96.480744 0.553739
97.843709 0.576758
98.750482 0.599778
99.270141 0.622797
99.487734 0.645817
99.483951 0.668836
99.311715 0.691855
98.975047 0.714875
98.417281 0.737894
97.525499 0.760913
96.155128 0.783933
94.173055 0.806952
91.510404 0.829971
88.209782 0.852991
84.449590 0.876010
80.532132 0.899029
76.832753 0.922049
73.720757 0.945068
71.473919 0.968088
70.212193 0.991107
69.870380 1.014126
70.216345 1.037146
70.906154 1.060165
71.556492 1.083184
71.811955 1.106204
71.390611 1.129223
70.102221 1.152242
67.844478 1.175262
64.589111 1.198281
60.369643 1.221301
55.277031 1.244320
49.461795 1.267339
43.135462 1.290359
36.562892 1.313378
30.040704 1.336397
23.863453 1.359417
18.285241 1.382436
13.487126 1.405455
9.559084 1.428475
6.500281 1.451494
4.235563 1.474513
2.641730 1.497533
1.575712 1.520552
0.898161 1.543572
0.488938 1.566591
0.254070 1.589610
0.125971 1.612630
0.059573 1.635649
0.026863 1.658668
0.011548 1.681688
0.004731 1.704707
0.001847 1.727726
0.000687 1.750746
0.000243 1.773765
0.000082 1.796784
0.000026 1.819804
0.000008 1.842823
0.000002 1.865843
0.000001 1.888862
0.000000 1.911881
0.000000 1.934901
0.000000 1.957920
0.000000 1.980939
0.000000 2.003959
0.000000 2.026978
0.000000 2.049997
0.000000 2.073017
0.000000 2.096036
0.000000 2.119056
0.000000 2.142075
0.000000 2.165094
0.000000 2.188114
0.000000 2.211133
0.000000 2.234152
0.000000 2.257172
0.000000 2.280191
0.000000 2.303210
0.000000 2.326230
0.000000 2.349249
0.000000 2.372268
0.000000 2.395288
0.000000 2.418307
0.000000 2.441327
0.000000 2.464346
0.000000 2.487365
0.000000 2.510385
0.000000 2.533404
0.000000 2.556423
0.000000 2.579443
0.000000 2.602462
0.000000 2.625481
0.000000 2.648501
0.000000 2.671520
0.000000 2.694540
0.000001 2.717559
0.000004 2.740578
0.000012 2.763598
0.000036 2.786617
0.000100 2.809636
0.000267 2.832656
0.000679 2.855675
0.001644 2.878694
0.003795 2.901714
0.008350 2.924733
0.017511 2.947752
0.035013 2.970772
0.066754 2.993791
0.121388 3.016811
0.210600 3.039830
0.348748 3.062849
0.551560 3.085869
0.833761 3.108888
1.205914 3.131907
1.671161 3.154927
2.222970 3.177946
2.844941 3.200965
3.513302 3.223985
4.201836 3.247004
4.888105 3.270024
5.559253 3.293043
6.215770 3.316062
6.872273 3.339082
7.555173 3.362101
8.297733 3.385120
9.133206 3.408140
10.086757 3.431159
11.167096 3.454178
12.359364 3.477198
13.621478 3.500217
14.886165 3.523236
16.069860 3.546256
17.087468 3.569275
17.869621 3.592295
18.377565 3.615314
18.610955 3.638333
18.605795 3.661353
18.422874 3.684372
18.130228 3.707391
17.785321 3.730411
17.422867 3.753430
17.052211 3.776449
16.664486 3.799469
16.245806 3.822488
15.790407 3.845508
15.308155 3.868527
14.824218 3.891546
14.373010 3.914566
13.991510 3.937585
13.716683 3.960604
13.588386 3.983624
13.654709 4.006643
13.974074 4.029662
14.609380 4.052682
15.613620 4.075701
17.011420 4.098720
18.784017 4.121740
20.864451 4.144759
23.145540 4.167779
25.497688 4.190798
27.789493 4.213817
29.903423 4.236837
31.741679 4.259856
33.222247 4.282875
34.269812 4.305895
34.808520 4.328914
34.762795 4.351933
34.068974 4.374953
32.695891 4.397972
30.668530 4.420991
28.086946 4.444011
25.133324 4.467030
22.063188 4.490050
19.181041 4.513069
16.804801 4.536088
15.225896 4.559108
14.672241 4.582127
15.279849 4.605146
17.076380 4.628166
19.977584 4.651185
23.795859 4.674204
28.259173 4.697224
33.038004 4.720243
37.777652 4.743263
42.133102 4.766282
45.803631 4.789301
48.564478 4.812321
50.292741 4.835340
50.984245 4.858359
50.757543 4.881379
49.841524 4.904398
48.545071 4.927417
47.211155 4.950437
46.162655 4.973456
45.651056 4.996475
45.819871 5.019495
46.691147 5.042514
48.176732 5.065534
50.108718 5.088553
52.278642 5.111572
54.474625 5.134592
56.509424 5.157611
58.238111 5.180630
59.568685 5.203650
60.470034 5.226669
60.979044 5.249688
61.204092 5.272708
61.318774 5.295727
61.540013 5.318747
62.089194 5.341766
63.142188 5.364785
64.780525 5.387805
66.958521 5.410824
69.498185 5.433843
72.116026 5.456863
74.476336 5.479882
76.257659 5.502901
77.215708 5.525921
77.227673 5.548940
76.308762 5.571959
74.599430 5.594979
72.328886 5.617998
69.765310 5.641018
67.165116 5.664037
64.732518 5.687056
62.597059 5.710076
60.811497 5.733095
59.366702 5.756114
58.215656 5.779134
57.296877 5.802153
56.549390 5.825172
55.916165 5.848192
55.338708 5.871211
54.749670 5.894231
54.070864 5.917250
53.220995 5.940269
52.132076 5.963289
50.768694 5.986308
49.142083 6.009327
47.312224 6.032347
45.375230 6.055366
43.438394 6.078385
41.589702 6.101405
39.870925 6.124424
38.262924 6.147443
36.688527 6.170463
35.033087 6.193482
33.177128 6.216502
31.031357 6.239521
28.563393 6.262540
25.808353 6.285560
22.861029 6.308579
19.853407 6.331598
16.925512 6.354618
14.198517 6.377637
11.756817 6.400656
9.641766 6.423676
7.855804 6.446695
6.373145 6.469715
5.152581 6.492734
4.148798 6.515753
3.320250 6.538773
2.633144 6.561792
2.062211 6.584811
1.589401 6.607831
1.201672 6.630850
0.888786 6.653869
0.641659 6.676889
0.451455 6.699908
0.309336 6.722927
0.206657 6.745947
0.135347 6.768966
0.088276 6.791986
0.059490 6.815005
0.044271 6.838024
0.039068 6.861044
0.041340 6.884063
0.049400 6.907082
0.062294 6.930102
0.079749 6.953121
0.102141 6.976140
0.130429 6.999160
0.165978 7.022179
0.210269 7.045198
0.264550 7.068218
0.329621 7.091237
0.405958 7.114257
0.494358 7.137276
0.597184 7.160295
0.720096 7.183315
0.874073 7.206334
1.077405 7.229353
1.357377 7.252373
1.751309 7.275392
2.306519 7.298411
3.078650 7.321431
4.127690 7.344450
5.511190 7.367470
7.274671 7.390489
9.440070 7.413508
11.994020 7.436528
14.878522 7.459547
17.986749 7.482566
21.166343 7.505586
24.231435 7.528605
26.983065 7.551624
29.235831 7.574644
30.846705 7.597663
31.740576 7.620682
31.926610 7.643702
31.500632 7.666721
30.631419 7.689741
29.532668 7.712760
28.426220 7.735779
27.504719 7.758799
26.902099 7.781818
26.678154 7.804837
26.819474 7.827857
27.254655 7.850876
27.878148 7.873895
28.575546 7.896915
29.243774 7.919934
29.802296 7.942954
30.195122 7.965973
30.386584 7.988992
30.355634 8.012012
30.092798 8.035031
29.601584 8.058050
28.903046 8.081070
28.040018 8.104089
27.077222 8.127108
26.095129 8.150128
25.178140 8.173147
24.400103 8.196166
23.811297 8.219186
23.430603 8.242205
23.244999 8.265225
23.216382 8.288244
23.293735 8.311263
23.427060 8.334283
23.578885 8.357302
23.729604 8.380321
23.874860 8.403341
24.016141 8.426360
24.148749 8.449379
24.252972 8.472399
24.293413 8.495418
24.228012 8.518438
24.023745 8.541457
23.672385 8.564476
23.199168 8.587496
22.660089 8.610515
22.128530 8.633534
21.676445 8.656554
21.357232 8.679573
21.195802 8.702592
21.187627 8.725612
21.304631 8.748631
21.503790 8.771650
21.734701 8.794670
21.944397 8.817689
22.079904 8.840709
22.090317 8.863728
21.930141 8.886747
21.564630 8.909767
20.976552 8.932786
20.172653 8.955805
19.187562 8.978825
18.083141 9.001844
16.942434 9.024863
15.859072 9.047883
14.924607 9.070902
14.216943 9.093922
13.792320 9.116941
13.681468 9.139960
13.888559 9.162980
14.390731 9.185999
15.136915 9.209018
16.047012 9.232038
17.014686 9.255057
17.917529 9.278076
18.636148 9.301096
19.079564 9.324115
19.210073 9.347134
19.058728 9.370154
18.724284 9.393173
18.353457 9.416193
18.106749 9.439212
18.119215 9.462231
18.467372 9.485251
19.151308 9.508270
20.095982 9.531289
21.169850 9.554309
22.214324 9.577328
23.075644 9.600347
23.631587 9.623367
23.808298 9.646386
23.585987 9.669406
22.995122 9.692425
22.106332 9.715444
21.017535 9.738464
19.841103 9.761483
18.692733 9.784502
17.682546 9.807522
16.907971 9.830541
16.447584 9.853560
16.355271 9.876580
16.654897 9.899599
17.336657 9.922618
18.356883 9.945638
19.642655 9.968657
21.101219 9.991677
22.632352 10.014696
24.140616 10.037715
25.544483 10.060735
26.780762 10.083754
27.804815 10.106773
28.588621 10.129793
29.119044 10.152812
29.397717 10.175831
29.442341 10.198851
29.287977 10.221870
28.986533 10.244889
28.603196 10.267909
28.209578 10.290928
27.874372 10.313948
27.653063 10.336967
27.578651 10.359986
27.655499 10.383006
27.858045 10.406025
28.135333 10.429044
28.420903 10.452064
28.646166 10.475083
28.754257 10.498102
28.711151 10.521122
28.511537 10.544141
28.178356 10.567161
27.756480 10.590180
27.302417 10.613199
26.872669 10.636219
26.513524 10.659238
26.254382 10.682257
26.105467 10.705277
26.059313 10.728296
26.094251 10.751315
26.177903 10.774335
26.269476 10.797354
26.321108 10.820373
26.279728 10.843393
26.091248 10.866412
25.707895 10.889432
25.097793 10.912451
24.254185 10.935470
23.201053 10.958490
21.992528 10.981509
20.705337 11.004528
19.425738 11.027548
18.234108 11.050567
17.191074 11.073586
16.328476 11.096606
15.647020 11.119625
15.120580 11.142645
14.705509 11.165664
14.352337 11.188683
14.017112 11.211703
13.670208 11.234722
13.301292 11.257741
12.920033 11.280761
12.552806 11.303780
12.236088 11.326799
12.007673 11.349819
11.897199 11.372838
11.917822 11.395857
12.060850 11.418877
12.294710 11.441896
12.568685 11.464916
12.820666 11.487935
12.987120 11.510954
13.012969 11.533974
12.859206 11.556993
12.506967 11.580012
11.957872 11.603032
11.231453 11.626051
10.360973 11.649070
9.388783 11.672090
8.361886 11.695109
7.327830 11.718129
6.330847 11.741148
5.408251 11.764167
4.587368 11.787187
3.883507 11.810206
3.299434 11.833225
2.826572 11.856245
2.447770 11.879264
2.141133 11.902283
1.884155 11.925303
1.657334 11.948322
1.446608 11.971341
1.244274 11.994361
1.048445 12.017380
0.861461 12.040400
0.687835 12.063419
0.532330 12.086438
0.398549 12.109458
0.288207 12.132477
0.201025 12.155496
0.135070 12.178516
0.087312 12.201535
0.054232 12.224554
0.032325 12.247574
0.018468 12.270593
0.010102 12.293613
0.005284 12.316632
0.002641 12.339651
0.001260 12.362671
0.000574 12.385690
0.000249 12.408709
0.000103 12.431729
0.000041 12.454748
0.000015 12.477767
0.000005 12.500787
0.000002 12.523806
0.000001 12.546825
0.000000 12.569845
0.000000 12.592864
0.000000 12.615884
0.000000 12.638903
0.000000 12.661922
0.000000 12.684942
0.000000 12.707961
0.000000 12.730980
0.000000 12.754000
0.000000 12.777019
0.000000 12.800038
0.000000 12.823058
0.000000 12.846077
0.000000 12.869096
0.000000 12.892116
0.000000 12.915135
0.000000 12.938155
0.000000 12.961174
0.000000 12.984193
0.000000 13.007213
0.000000 13.030232
0.000000 13.053251
0.000000 13.076271
0.000000 13.099290
0.000000 13.122309
0.000000 13.145329
0.000000 13.168348
0.000000 13.191368
0.000000 13.214387
0.000000 13.237406
0.000000 13.260426
0.000000 13.283445
0.000000 13.306464
0.000000 13.329484
0.000000 13.352503
0.000000 13.375522
0.000000 13.398542
0.000000 13.421561
0.000000 13.444580
0.000000 13.467600
0.000000 13.490619
0.000000 13.513639
0.000000 13.536658
0.000000 13.559677
0.000000 13.582697
0.000000 13.605716
0.000000 13.628735
0.000000 13.651755
0.000000 13.674774
0.000000 13.697793
0.000000 13.720813
0.000000 13.743832
0.000000 13.766852
0.000000 13.789871
0.000000 13.812890
0.000000 13.835910
0.000000 13.858929
0.000000 13.881948
0.000000 13.904968
0.000000 13.927987
0.000000 13.951006
0.000000 13.974026
0.000000 13.997045
0.000000 14.020064
0.000000 14.043084
0.000000 14.066103
0.000000 14.089123
0.000000 14.112142
0.000000 14.135161
0.000000 14.158181
0.000000 14.181200

-0.000000 -31.834500
-0.000000 -31.811481
-0.000000 -31.788461
-0.000000 -31.765442
-0.000000 -31.742423
-0.000000 -31.719403
-0.000000 -31.696384
-0.000000 -31.673364
-0.000000 -31.650345
-0.000000 -31.627326
-0.000000 -31.604306
-0.000000 -31.581287
-0.000000 -31.558268
-0.000000 -31.535248
-0.000000 -31.512229
-0.000000 -31.489210
-0.000000 -31.466190
-0.000000 -31.443171
-0.000000 -31.420152
-0.000000 -31.397132
-0.000000 -31.374113
-0.000000 -31.351093
-0.000000 -31.328074
-0.000000 -31.305055
-0.000000 -31.282035
-0.000000 -31.259016
-0.000000 -31.235997
-0.000000 -31.212977
-0.000000 -31.189958
-0.000000 -31.166939
-0.000000 -31.143919
-0.000000 -31.120900
-0.000000 -31.097880
-0.000000 -31.074861
-0.000000 -31.051842
-0.000000 -31.028822
-0.000000 -31.005803
-0.000000 -30.982784
-0.000000 -30.959764
-0.000000 -30.936745
-0.000000 -30.913726
-0.000000 -30.890706
-0.000000 -30.867687
-0.000000 -30.844668
-0.000000 -30.821648
-0.000000 -30.798629
-0.000000 -30.775609
-0.000000 -30.752590
-0.000000 -30.729571
-0.000000 -30.706551
-0.000000 -30.683532
-0.000000 -30.660513
-0.000000 -30.637493
-0.000000 -30.614474
-0.000000 -30.591455
-0.000000 -30.568435
-0.000000 -30.545416
-0.000000 -30.522396
-0.000000 -30.499377
-0.000000 -30.476358
-0.000000 -30.453338
-0.000000 -30.430319
-0.000000 -30.407300
-0.000000 -30.384280
-0.000000 -30.361261
-0.000001 -30.338242
-0.000006 -30.315222
-0.000021 -30.292203
-0.000072 -30.269184
-0.000239 -30.246164
-0.000755 -30.223145
-0.002267 -30.200125
-0.006483 -30.177106
-0.017650 -30.154087
-0.045757 -30.131067
-0.112970 -30.108048
-0.265646 -30.085029
-0.595046 -30.062009
-1.269946 -30.038990
-2.582890 -30.015971
-5.007607 -29.992951
-9.257541 -29.969932
-16.325325 -29.946913
-27.473327 -29.923893
-44.141777 -29.900874
-67.749574 -29.877854
-99.387544 -29.854835
-139.442301 -29.831816
-187.230095 -29.808796
-240.747573 -29.785777
-296.643918 -29.762758
-350.479203 -29.739738
-397.264128 -29.716719
-432.197025 -29.693700
-451.451137 -29.670680
-452.839721 -29.647661
-436.207272 -29.624641
-403.456339 -29.601622
-358.204247 -29.578603
-305.150021 -29.555583
-249.296506 -29.532564
-195.198787 -29.509545
-146.390724 -29.486525
-105.083458 -29.463506
-72.152290 -29.440487
-47.356704 -29.417467
-29.693741 -29.394448
-17.776931 -29.371429
-10.156292 -29.348409
-5.534784 -29.325390
-2.875915 -29.302370
-1.424311 -29.279351
-0.672125 -29.256332
-0.302129 -29.233312
-0.129339 -29.210293
-0.052719 -29.187274
-0.020457 -29.164254
-0.007555 -29.141235
-0.002656 -29.118216
-0.000888 -29.095196
-0.000283 -29.072177
-0.000086 -29.049157
-0.000025 -29.026138
-0.000007 -29.003119
-0.000002 -28.980099
-0.000000 -28.957080
-0.000000 -28.934061
-0.000000 -28.911041
-0.000000 -28.888022
-0.000000 -28.865003
-0.000000 -28.841983
-0.000000 -28.818964
-0.000000 -28.795945
-0.000000 -28.772925
-0.000000 -28.749906
-0.000000 -28.726886
-0.000000 -28.703867
-0.000000 -28.680848
-0.000000 -28.657828
-0.000000 -28.634809
-0.000000 -28.611790
-0.000000 -28.588770
-0.000000 -28.565751
-0.000000 -28.542732
-0.000000 -28.519712
-0.000000 -28.496693
-0.000000 -28.473673
-0.000000 -28.450654
-0.000000 -28.427635
-0.000000 -28.404615
-0.000000 -28.381596
-0.000000 -28.358577
-0.000000 -28.335557
-0.000000 -28.312538
-0.000000 -28.289519
-0.000000 -28.266499
-0.000000 -28.243480
-0.000000 -28.220461
-0.000000 -28.197441
-0.000000 -28.174422
-0.000000 -28.151402
-0.000000 -28.128383
-0.000000 -28.105364
-0.000000 -28.082344
-0.000000 -28.059325
-0.000000 -28.036306
-0.000000 -28.013286
-0.000000 -27.990267
-0.000000 -27.967248
-0.000000 -27.944228
-0.000000 -27.921209
-0.000000 -27.898189
-0.000000 -27.875170
-0.000000 -27.852151
-0.000000 -27.829131
-0.000000 -27.806112
-0.000000 -27.783093
-0.000000 -27.760073
-0.000000 -27.737054
-0.000000 -27.714035
-0.000000 -27.691015
-0.000000 -27.667996
-0.000000 -27.644977
-0.000000 -27.621957
-0.000000 -27.598938
-0.000000 -27.575918
-0.000000 -27.552899
-0.000000 -27.529880
-0.000000 -27.506860
-0.000000 -27.483841
-0.000000 -27.460822
-0.000000 -27.437802
-0.000000 -27.414783
-0.000000 -27.391764
-0.000000 -27.368744
-0.000000 -27.345725
-0.000000 -27.322706
-0.000000 -27.299686
-0.000000 -27.276667
-0.000000 -27.253647
-0.000000 -27.230628
-0.000000 -27.207609
-0.000000 -27.184589
-0.000000 -27.161570
-0.000000 -27.138551
-0.000000 -27.115531
-0.000000 -27.092512
-0.000000 -27.069493
-0.000000 -27.046473
-0.000000 -27.023454
-0.000000 -27.000434
-0.000000 -26.977415
-0.000000 -26.954396
-0.000000 -26.931376
-0.000000 -26.908357
-0.000000 -26.885338
-0.000000 -26.862318
-0.000000 -26.839299
-0.000000 -26.816280
-0.000000 -26.793260
-0.000000 -26.770241
-0.000000 -26.747222
-0.000000 -26.724202
-0.000000 -26.701183
-0.000000 -26.678163
-0.000000 -26.655144
-0.000000 -26.632125
-0.000000 -26.609105
-0.000000 -26.586086
-0.000000 -26.563067
-0.000000 -26.540047
-0.000000 -26.517028
-0.000000 -26.494009
-0.000000 -26.470989
-0.000000 -26.447970
-0.000000 -26.424950
-0.000000 -26.401931
-0.000000 -26.378912
-0.000000 -26.355892
-0.000000 -26.332873
-0.000000 -26.309854
-0.000000 -26.286834
-0.000000 -26.263815
-0.000000 -26.240796
-0.000000 -26.217776
-0.000000 -26.194757
-0.000000 -26.171738
-0.000000 -26.148718
-0.000000 -26.125699
-0.000000 -26.102679
-0.000000 -26.079660
-0.000000 -26.056641
-0.000000 -26.033621
-0.000000 -26.010602
-0.000000 -25.987583
-0.000000 -25.964563
-0.000000 -25.941544
-0.000000 -25.918525
-0.000000 -25.895505
-0.000000 -25.872486
-0.000000 -25.849466
-0.000000 -25.826447
-0.000000 -25.803428
-0.000000 -25.780408
-0.000000 -25.757389
-0.000000 -25.734370
-0.000000 -25.711350
-0.000000 -25.688331
-0.000000 -25.665312
-0.000000 -25.642292
-0.000000 -25.619273
-0.000000 -25.596254
-0.000000 -25.573234
-0.000000 -25.550215
-0.000000 -25.527195
-0.000000 -25.504176
-0.000000 -25.481157
-0.000000 -25.458137
-0.000000 -25.435118
-0.000000 -25.412099
-0.000000 -25.389079
-0.000000 -25.366060
-0.000000 -25.343041
-0.000000 -25.320021
-0.000000 -25.297002
-0.000000 -25.273982
-0.000000 -25.250963
-0.000000 -25.227944
-0.000000 -25.204924
-0.000000 -25.181905
-0.000000 -25.158886
-0.000000 -25.135866
-0.000000 -25.112847
-0.000000 -25.089828
-0.000000 -25.066808
-0.000000 -25.043789
-0.000000 -25.020770
-0.000000 -24.997750
-0.000000 -24.974731
-0.000000 -24.951711
-0.000000 -24.928692
-0.000000 -24.905673
-0.000000 -24.882653
-0.000000 -24.859634
-0.000000 -24.836615
-0.000000 -24.813595
-0.000000 -24.790576
-0.000000 -24.767557
-0.000000 -24.744537
-0.000000 -24.721518
-0.000000 -24.698498
-0.000000 -24.675479
-0.000000 -24.652460
-0.000000 -24.629440
-0.000000 -24.606421
-0.000000 -24.583402
-0.000000 -24.560382
-0.000000 -24.537363
-0.000000 -24.514344
-0.000000 -24.491324
-0.000000 -24.468305
-0.000000 -24.445286
-0.000000 -24.422266
-0.000000 -24.399247
-0.000000 -24.376227
-0.000000 -24.353208
-0.000000 -24.330189
-0.000000 -24.307169
-0.000000 -24.284150
-0.000000 -24.261131
-0.000000 -24.238111
-0.000000 -24.215092
-0.000000 -24.192073
-0.000000 -24.169053
-0.000000 -24.146034
-0.000000 -24.123015
-0.000000 -24.099995
-0.000000 -24.076976
-0.000000 -24.053956
-0.000000 -24.030937
-0.000000 -24.007918
-0.000000 -23.984898
-0.000000 -23.961879
-0.000000 -23.938860
-0.000000 -23.915840
-0.000000 -23.892821
-0.000000 -23.869802
-0.000000 -23.846782
-0.000000 -23.823763
-0.000000 -23.800743
-0.000000 -23.777724
-0.000000 -23.754705
-0.000000 -23.731685
-0.000000 -23.708666
-0.000000 -23.685647
-0.000000 -23.662627
-0.000000 -23.639608
-0.000000 -23.616589
-0.000000 -23.593569
-0.000000 -23.570550
-0.000000 -23.547531
-0.000000 -23.524511
-0.000000 -23.501492
-0.000000 -23.478472
-0.000000 -23.455453
-0.000000 -23.432434
-0.000000 -23.409414
-0.000000 -23.386395
-0.000000 -23.363376
-0.000000 -23.340356
-0.000000 -23.317337
-0.000000 -23.294318
-0.000000 -23.271298
-0.000000 -23.248279
-0.000000 -23.225259
-0.000000 -23.202240
-0.000000 -23.179221
-0.000000 -23.156201
-0.000000 -23.133182
-0.000000 -23.110163
-0.000000 -23.087143
-0.000000 -23.064124
-0.000000 -23.041105
-0.000000 -23.018085
-0.000000 -22.995066
-0.000000 -22.972047
-0.000000 -22.949027
-0.000000 -22.926008
-0.000000 -22.902988
-0.000000 -22.879969
-0.000000 -22.856950
-0.000000 -22.833930
-0.000000 -22.810911
-0.000000 -22.787892
-0.000000 -22.764872
-0.000000 -22.741853
-0.000000 -22.718834
-0.000000 -22.695814
-0.000000 -22.672795
-0.000000 -22.649775
-0.000000 -22.626756
-0.000000 -22.603737
-0.000000 -22.580717
-0.000000 -22.557698
-0.000000 -22.534679
-0.000000 -22.511659
-0.000000 -22.488640
-0.000000 -22.465621
-0.000000 -22.442601
-0.000000 -22.419582
-0.000000 -22.396563
-0.000000 -22.373543
-0.000000 -22.350524
-0.000000 -22.327504
-0.000000 -22.304485
-0.000000 -22.281466
-0.000000 -22.258446
-0.000000 -22.235427
-0.000000 -22.212408
-0.000000 -22.189388
-0.000000 -22.166369
-0.000000 -22.143350
-0.000000 -22.120330
-0.000000 -22.097311
-0.000000 -22.074291
-0.000000 -22.051272
-0.000000 -22.028253
-0.000000 -22.005233
-0.000000 -21.982214
-0.000000 -21.959195
-0.000000 -21.936175
-0.000000 -21.913156
-0.000000 -21.890137
-0.000000 -21.867117
-0.000000 -21.844098
-0.000000 -21.821079
-0.000000 -21.798059
-0.000000 -21.775040
-0.000000 -21.752020
-0.000000 -21.729001
-0.000000 -21.705982
-0.000000 -21.682962
-0.000000 -21.659943
-0.000000 -21.636924
-0.000000 -21.613904
-0.000000 -21.590885
-0.000000 -21.567866
-0.000000 -21.544846
-0.000000 -21.521827
-0.000000 -21.498808
-0.000000 -21.475788
-0.000000 -21.452769
-0.000000 -21.429749
-0.000000 -21.406730
-0.000000 -21.383711
-0.000000 -21.360691
-0.000000 -21.337672
-0.000000 -21.314653
-0.000000 -21.291633
-0.000000 -21.268614
-0.000000 -21.245595
-0.000000 -21.222575
-0.000000 -21.199556
-0.000000 -21.176536
-0.000000 -21.153517
-0.000000 -21.130498
-0.000000 -21.107478
-0.000000 -21.084459
-0.000000 -21.061440
-0.000000 -21.038420
-0.000000 -21.015401
-0.000000 -20.992382
-0.000000 -20.969362
-0.000000 -20.946343
-0.000000 -20.923324
-0.000000 -20.900304
-0.000000 -20.877285
-0.000000 -20.854265
-0.000000 -20.831246
-0.000000 -20.808227
-0.000000 -20.785207
-0.000000 -20.762188
-0.000000 -20.739169
-0.000000 -20.716149
-0.000000 -20.693130
-0.000000 -20.670111
-0.000000 -20.647091
-0.000000 -20.624072
-0.000000 -20.601052
-0.000000 -20.578033
-0.000000 -20.555014
-0.000000 -20.531994
-0.000000 -20.508975
-0.000002 -20.485956
-0.000006 -20.462936
-0.000024 -20.439917
-0.000085 -20.416898
-0.000289 -20.393878
-0.000933 -20.370859
-0.002867 -20.347840
-0.008385 -20.324820
-0.023333 -20.301801
-0.061777 -20.278781
-0.155615 -20.255762
-0.372928 -20.232743
-0.850221 -20.209723
-1.843964 -20.186704
-3.804279 -20.163685
-7.465823 -20.140665
-13.936586 -20.117646
-24.745589 -20.094627
-41.791939 -20.071607
-67.132436 -20.048588
-102.567627 -20.025568
-149.045893 -20.002549
-205.994730 -19.979530
-270.778319 -19.956510
-338.523820 -19.933491
-402.511731 -19.910472
-455.175249 -19.887452
-489.538327 -19.864433
-500.726048 -19.841414
-487.098491 -19.818394
-450.644801 -19.795375
-396.507063 -19.772356
-331.790976 -19.749336
-264.042268 -19.726317
-199.836947 -19.703297
-143.836726 -19.680278
-98.458607 -19.657259
-64.095226 -19.634239
-39.681124 -19.611220
-23.362896 -19.588201
-13.081329 -19.565181
-6.965585 -19.542162
-3.527294 -19.519143
-1.698643 -19.496123
-0.777923 -19.473104
-0.338799 -19.450084
-0.140319 -19.427065
-0.055266 -19.404046
-0.020699 -19.381026
-0.007373 -19.358007
-0.002497 -19.334988
-0.000804 -19.311968
-0.000246 -19.288949
-0.000072 -19.265930
-0.000020 -19.242910
-0.000005 -19.219891
-0.000001 -19.196872
-0.000000 -19.173852
-0.000000 -19.150833
-0.000000 -19.127813
-0.000000 -19.104794
-0.000000 -19.081775
-0.000000 -19.058755
-0.000000 -19.035736
-0.000000 -19.012717
-0.000000 -18.989697
-0.000000 -18.966678
-0.000000 -18.943659
-0.000000 -18.920639
-0.000000 -18.897620
-0.000000 -18.874601
-0.000000 -18.851581
-0.000000 -18.828562
-0.000000 -18.805542
-0.000000 -18.782523
-0.000000 -18.759504
-0.000000 -18.736484
-0.000000 -18.713465
-0.000000 -18.690446
-0.000000 -18.667426
-0.000000 -18.644407
-0.000000 -18.621388
-0.000000 -18.598368
-0.000000 -18.575349
-0.000000 -18.552329
-0.000000 -18.529310
-0.000000 -18.506291
-0.000000 -18.483271
-0.000000 -18.460252
-0.000000 -18.437233
-0.000000 -18.414213
-0.000000 -18.391194
-0.000000 -18.368175
-0.000000 -18.345155
-0.000000 -18.322136
-0.000000 -18.299117
-0.000000 -18.276097
-0.000000 -18.253078
-0.000000 -18.230058
-0.000000 -18.207039
-0.000000 -18.184020
-0.000000 -18.161000
-0.000000 -18.137981
-0.000000 -18.114962
-0.000000 -18.091942
-0.000000 -18.068923
-0.000000 -18.045904
-0.000000 -18.022884
-0.000000 -17.999865
-0.000000 -17.976845
-0.000000 -17.953826
-0.000000 -17.930807
-0.000000 -17.907787
-0.000000 -17.884768
-0.000000 -17.861749
-0.000000 -17.838729
-0.000000 -17.815710
-0.000000 -17.792691
-0.000000 -17.769671
-0.000000 -17.746652
-0.000000 -17.723633
-0.000000 -17.700613
-0.000000 -17.677594
-0.000000 -17.654574
-0.000000 -17.631555
-0.000000 -17.608536
-0.000000 -17.585516
-0.000000 -17.562497
-0.000000 -17.539478
-0.000000 -17.516458
-0.000000 -17.493439
-0.000000 -17.470420
-0.000000 -17.447400
-0.000000 -17.424381
-0.000000 -17.401361
-0.000000 -17.378342
-0.000000 -17.355323
-0.000000 -17.332303
-0.000000 -17.309284
-0.000000 -17.286265
-0.000000 -17.263245
-0.000000 -17.240226
-0.000000 -17.217207
-0.000000 -17.194187
-0.000000 -17.171168
-0.000000 -17.148149
-0.000000 -17.125129
-0.000000 -17.102110
-0.000000 -17.079090
-0.000000 -17.056071
-0.000000 -17.033052
-0.000000 -17.010032
-0.000000 -16.987013
-0.000000 -16.963994
-0.000000 -16.940974
-0.000000 -16.917955
-0.000000 -16.894936
-0.000000 -16.871916
-0.000000 -16.848897
-0.000000 -16.825877
-0.000000 -16.802858
-0.000000 -16.779839
-0.000000 -16.756819
-0.000000 -16.733800
-0.000000 -16.710781
-0.000000 -16.687761
-0.000000 -16.664742
-0.000000 -16.641723
-0.000000 -16.618703
-0.000000 -16.595684
-0.000000 -16.572665
-0.000000 -16.549645
-0.000000 -16.526626
-0.000000 -16.503606
-0.000000 -16.480587
-0.000000 -16.457568
-0.000000 -16.434548
-0.000000 -16.411529
-0.000000 -16.388510
-0.000000 -16.365490
-0.000000 -16.342471
-0.000000 -16.319452
-0.000000 -16.296432
-0.000000 -16.273413
-0.000000 -16.250393
-0.000001 -16.227374
-0.000003 -16.204355
-0.000008 -16.181335
-0.000024 -16.158316
-0.000065 -16.135297
-0.000172 -16.112277
-0.000434 -16.089258
-0.001046 -16.066239
-0.002411 -16.043219
-0.005317 -16.020200
-0.011221 -15.997181
-0.022668 -15.974161
-0.043867 -15.951142
-0.081371 -15.928122
-0.144788 -15.905103
-0.247361 -15.882084
-0.406202 -15.859064
-0.642013 -15.836045
-0.978211 -15.813026
-1.439592 -15.790006
-2.050881 -15.766987
-2.835676 -15.743968
-3.816249 -15.720948
-5.014423 -15.697929
-6.453283 -15.674910
-8.159048 -15.651890
-10.162210 -15.628871
-12.497074 -15.605851
-15.199240 -15.582832
-18.301048 -15.559813
-21.825437 -15.536793
-25.778967 -15.513774
-30.144891 -15.490755
-34.877257 -15.467735
-39.897179 -15.444716
-45.092578 -15.421697
-50.322735 -15.398677
-55.428717 -15.375658
-60.249866 -15.352638
-64.644979 -15.329619
-68.514605 -15.306600
-71.818843 -15.283580
-74.584226 -15.260561
-76.895000 -15.237542
-78.868637 -15.214522
-80.621646 -15.191503
-82.236759 -15.168484
-83.743516 -15.145464
-85.119521 -15.122445
-86.310695 -15.099426
-87.259779 -15.076406
-87.928025 -15.053387
-88.298364 -15.030367
-88.358471 -15.007348
-88.074241 -14.984329
-87.371992 -14.961309
-86.146461 -14.938290
-84.300897 -14.915271
-81.809563 -14.892251
-78.778912 -14.869232
-75.478519 -14.846213
-72.319915 -14.823193
-69.778950 -14.800174
-68.278930 -14.777154
-68.069180 -14.754135
-69.139858 -14.731116
-71.205551 -14.708096
-73.769501 -14.685077
-76.253899 -14.662058
-78.158733 -14.639038
-79.200715 -14.616019
-79.389437 -14.593000
-79.018602 -14.569980
-78.578371 -14.546961
-78.619711 -14.523942
-79.613646 -14.500922
-81.843642 -14.477903
-85.351680 -14.454883
-89.937177 -14.431864
-95.192758 -14.408845
-100.557555 -14.385825
-105.375818 -14.362806
-108.959316 -14.339787
-110.658233 -14.316767
-109.942815 -14.293748
-106.488381 -14.270729
-100.245769 -14.247709
-91.474865 -14.224690
-80.724435 -14.201670
-68.755755 -14.178651
-56.424700 -14.155632
-44.549886 -14.132612
-33.798043 -14.109593
-24.611004 -14.086574
-17.184903 -14.063554
-11.496965 -14.040535
-7.364085 -14.017516
-4.513056 -13.994496
-2.644761 -13.971477
-1.481288 -13.948458
-0.792550 -13.925438
-0.404915 -13.902419
-0.197464 -13.879399
-0.091885 -13.856380
-0.040785 -13.833361
-0.017264 -13.810341
-0.006967 -13.787322
-0.002680 -13.764303
-0.000982 -13.741283
-0.000343 -13.718264
-0.000114 -13.695245
-0.000036 -13.672225
-0.000011 -13.649206
-0.000003 -13.626186
-0.000001 -13.603167
-0.000000 -13.580148
-0.000000 -13.557128
-0.000000 -13.534109
-0.000000 -13.511090
-0.000000 -13.488070
-0.000000 -13.465051
-0.000000 -13.442032
-0.000000 -13.419012
-0.000000 -13.395993
-0.000000 -13.372974
-0.000000 -13.349954
-0.000000 -13.326935
-0.000000 -13.303915
-0.000000 -13.280896
-0.000000 -13.257877
-0.000000 -13.234857
-0.000000 -13.211838
-0.000000 -13.188819
-0.000000 -13.165799
-0.000000 -13.142780
-0.000000 -13.119761
-0.000000 -13.096741
-0.000000 -13.073722
-0.000000 -13.050703
-0.000000 -13.027683
-0.000000 -13.004664
-0.000000 -12.981644
-0.000000 -12.958625
-0.000000 -12.935606
-0.000000 -12.912586
-0.000000 -12.889567
-0.000000 -12.866548
-0.000000 -12.843528
-0.000000 -12.820509
-0.000000 -12.797490
-0.000000 -12.774470
-0.000000 -12.751451
-0.000000 -12.728431
-0.000000 -12.705412
-0.000000 -12.682393
-0.000000 -12.659373
-0.000000 -12.636354
-0.000000 -12.613335
-0.000000 -12.590315
-0.000000 -12.567296
-0.000000 -12.544277
-0.000000 -12.521257
-0.000000 -12.498238
-0.000000 -12.475219
-0.000000 -12.452199
-0.000000 -12.429180
-0.000000 -12.406160
-0.000000 -12.383141
-0.000000 -12.360122
-0.000000 -12.337102
-0.000000 -12.314083
-0.000000 -12.291064
-0.000000 -12.268044
-0.000000 -12.245025
-0.000000 -12.222006
-0.000000 -12.198986
-0.000000 -12.175967
-0.000000 -12.152947
-0.000000 -12.129928
-0.000000 -12.106909
-0.000000 -12.083889
-0.000000 -12.060870
-0.000000 -12.037851
-0.000000 -12.014831
-0.000000 -11.991812
-0.000000 -11.968793
-0.000000 -11.945773
-0.000000 -11.922754
-0.000000 -11.899735
-0.000000 -11.876715
-0.000000 -11.853696
-0.000000 -11.830676
-0.000000 -11.807657
-0.000000 -11.784638
-0.000000 -11.761618
-0.000000 -11.738599
-0.000000 -11.715580
-0.000000 -11.692560
-0.000000 -11.669541
-0.000000 -11.646522
-0.000000 -11.623502
-0.000000 -11.600483
-0.000000 -11.577463
-0.000000 -11.554444
-0.000000 -11.531425
-0.000000 -11.508405
-0.000000 -11.485386
-0.000000 -11.462367
-0.000000 -11.439347
-0.000000 -11.416328
-0.000000 -11.393309
-0.000000 -11.370289
-0.000000 -11.347270
-0.000000 -11.324251
-0.000000 -11.301231
-0.000000 -11.278212
-0.000000 -11.255192
-0.000000 -11.232173
-0.000000 -11.209154
-0.000000 -11.186134
-0.000000 -11.163115
-0.000000 -11.140096
-0.000000 -11.117076
-0.000000 -11.094057
-0.000000 -11.071038
-0.000000 -11.048018
-0.000000 -11.024999
-0.000000 -11.001979
-0.000000 -10.978960
-0.000000 -10.955941
-0.000000 -10.932921
-0.000000 -10.909902
-0.000000 -10.886883
-0.000000 -10.863863
-0.000000 -10.840844
-0.000000 -10.817825
-0.000000 -10.794805
-0.000000 -10.771786
-0.000000 -10.748767
-0.000000 -10.725747
-0.000000 -10.702728
-0.000000 -10.679708
-0.000000 -10.656689
-0.000000 -10.633670
-0.000000 -10.610650
-0.000000 -10.587631
-0.000000 -10.564612
-0.000000 -10.541592
-0.000000 -10.518573
-0.000000 -10.495554
-0.000000 -10.472534
-0.000000 -10.449515
-0.000000 -10.426495
-0.000000 -10.403476
-0.000000 -10.380457
-0.000000 -10.357437
-0.000000 -10.334418
-0.000000 -10.311399
-0.000000 -10.288379
-0.000000 -10.265360
-0.000000 -10.242341
-0.000000 -10.219321
-0.000000 -10.196302
-0.000000 -10.173283
-0.000000 -10.150263
-0.000000 -10.127244
-0.000000 -10.104224
-0.000000 -10.081205
-0.000000 -10.058186
-0.000000 -10.035166
-0.000000 -10.012147
-0.000000 -9.989128
-0.000000 -9.966108
-0.000000 -9.943089
-0.000000 -9.920070
-0.000000 -9.897050
-0.000000 -9.874031
-0.000000 -9.851012
-0.000000 -9.827992
-0.000000 -9.804973
-0.000000 -9.781953
-0.000000 -9.758934
-0.000000 -9.735915
-0.000000 -9.712895
-0.000000 -9.689876
-0.000000 -9.666857
-0.000000 -9.643837
-0.000000 -9.620818
-0.000000 -9.597799
-0.000000 -9.574779
-0.000000 -9.551760
-0.000000 -9.528740
-0.000000 -9.505721
-0.000000 -9.482702
-0.000000 -9.459682
-0.000000 -9.436663
-0.000000 -9.413644
-0.000000 -9.390624
-0.000000 -9.367605
-0.000000 -9.344586
-0.000000 -9.321566
-0.000000 -9.298547
-0.000000 -9.275528
-0.000000 -9.252508
-0.000000 -9.229489
-0.000000 -9.206469
-0.000000 -9.183450
-0.000000 -9.160431
-0.000000 -9.137411
-0.000000 -9.114392
-0.000000 -9.091373
-0.000000 -9.068353
-0.000000 -9.045334
-0.000000 -9.022315
-0.000000 -8.999295
-0.000000 -8.976276
-0.000000 -8.953256
-0.000000 -8.930237
-0.000000 -8.907218
-0.000000 -8.884198
-0.000000 -8.861179
-0.000000 -8.838160
-0.000000 -8.815140
-0.000000 -8.792121
-0.000000 -8.769102
-0.000000 -8.746082
-0.000000 -8.723063
-0.000000 -8.700044
-0.000000 -8.677024
-0.000000 -8.654005
-0.000000 -8.630985
-0.000000 -8.607966
-0.000000 -8.584947
-0.000000 -8.561927
-0.000000 -8.538908
-0.000000 -8.515889
-0.000000 -8.492869
-0.000000 -8.469850
-0.000000 -8.446831
-0.000000 -8.423811
-0.000000 -8.400792
-0.000000 -8.377772
-0.000000 -8.354753
-0.000000 -8.331734
-0.000000 -8.308714
-0.000000 -8.285695
-0.000000 -8.262676
-0.000000 -8.239656
-0.000000 -8.216637
-0.000000 -8.193618
-0.000000 -8.170598
-0.000000 -8.147579
-0.000000 -8.124560
-0.000000 -8.101540
-0.000000 -8.078521
-0.000000 -8.055501
-0.000000 -8.032482
-0.000000 -8.009463
-0.000000 -7.986443
-0.000000 -7.963424
-0.000000 -7.940405
-0.000000 -7.917385
-0.000000 -7.894366
-0.000000 -7.871347
-0.000000 -7.848327
-0.000000 -7.825308
-0.000000 -7.802288
-0.000000 -7.779269
-0.000000 -7.756250
-0.000000 -7.733230
-0.000000 -7.710211
-0.000000 -7.687192
-0.000000 -7.664172
-0.000000 -7.641153
-0.000000 -7.618134
-0.000000 -7.595114
-0.000000 -7.572095
-0.000000 -7.549076
-0.000000 -7.526056
-0.000000 -7.503037
-0.000000 -7.480017
-0.000000 -7.456998
-0.000000 -7.433979
-0.000000 -7.410959
-0.000000 -7.387940
-0.000000 -7.364921
-0.000000 -7.341901
-0.000000 -7.318882
-0.000000 -7.295863
-0.000000 -7.272843
-0.000000 -7.249824
-0.000000 -7.226805
-0.000000 -7.203785
-0.000000 -7.180766
-0.000000 -7.157746
-0.000000 -7.134727
-0.000000 -7.111708
-0.000000 -7.088688
-0.000000 -7.065669
-0.000000 -7.042650
-0.000000 -7.019630
-0.000000 -6.996611
-0.000000 -6.973592
-0.000000 -6.950572
-0.000000 -6.927553
-0.000000 -6.904533
-0.000000 -6.881514
-0.000000 -6.858495
-0.000000 -6.835475
-0.000000 -6.812456
-0.000000 -6.789437
-0.000000 -6.766417
-0.000000 -6.743398
-0.000000 -6.720379
-0.000000 -6.697359
-0.000000 -6.674340
-0.000000 -6.651321
-0.000000 -6.628301
-0.000000 -6.605282
-0.000000 -6.582262
-0.000000 -6.559243
-0.000000 -6.536224
-0.000000 -6.513204
-0.000000 -6.490185
-0.000000 -6.467166
-0.000000 -6.444146
-0.000000 -6.421127
-0.000000 -6.398108
-0.000000 -6.375088
-0.000000 -6.352069
-0.000000 -6.329049
-0.000000 -6.306030
-0.000000 -6.283011
-0.000000 -6.259991
-0.000000 -6.236972
-0.000000 -6.213953
-0.000000 -6.190933
-0.000000 -6.167914
-0.000000 -6.144895
-0.000000 -6.121875
-0.000000 -6.098856
-0.000000 -6.075837
-0.000000 -6.052817
-0.000000 -6.029798
-0.000000 -6.006778
-0.000000 -5.983759
-0.000000 -5.960740
-0.000000 -5.937720
-0.000000 -5.914701
-0.000000 -5.891682
-0.000000 -5.868662
-0.000000 -5.845643
-0.000000 -5.822624
-0.000000 -5.799604
-0.000000 -5.776585
-0.000000 -5.753565
-0.000000 -5.730546
-0.000000 -5.707527
-0.000000 -5.684507
-0.000000 -5.661488
-0.000000 -5.638469
-0.000000 -5.615449
-0.000000 -5.592430
-0.000000 -5.569411
-0.000000 -5.546391
-0.000000 -5.523372
-0.000000 -5.500353
-0.000000 -5.477333
-0.000000 -5.454314
-0.000000 -5.431294
-0.000000 -5.408275
-0.000000 -5.385256
-0.000000 -5.362236
-0.000000 -5.339217
-0.000000 -5.316198
-0.000000 -5.293178
-0.000000 -5.270159
-0.000000 -5.247140
-0.000000 -5.224120
-0.000000 -5.201101
-0.000000 -5.178081
-0.000000 -5.155062
-0.000000 -5.132043
-0.000000 -5.109023
-0.000000 -5.086004
-0.000000 -5.062985
-0.000000 -5.039965
-0.000000 -5.016946
-0.000000 -4.993927
-0.000000 -4.970907
-0.000000 -4.947888
-0.000000 -4.924869
-0.000000 -4.901849
-0.000000 -4.878830
-0.000000 -4.855810
-0.000000 -4.832791
-0.000000 -4.809772
-0.000000 -4.786752
-0.000000 -4.763733
-0.000000 -4.740714
-0.000000 -4.717694
-0.000000 -4.694675
-0.000000 -4.671656
-0.000000 -4.648636
-0.000000 -4.625617
-0.000000 -4.602597
-0.000000 -4.579578
-0.000000 -4.556559
-0.000000 -4.533539
-0.000000 -4.510520
-0.000000 -4.487501
-0.000000 -4.464481
-0.000000 -4.441462
-0.000000 -4.418443
-0.000000 -4.395423
-0.000000 -4.372404
-0.000000 -4.349385
-0.000000 -4.326365
-0.000000 -4.303346
-0.000000 -4.280326
-0.000000 -4.257307
-0.000002 -4.234288
-0.000005 -4.211268
-0.000016 -4.188249
-0.000048 -4.165230
-0.000138 -4.142210
-0.000379 -4.119191
-0.000988 -4.096172
-0.002456 -4.073152
-0.005824 -4.050133
-0.013180 -4.027114
-0.028474 -4.004094
-0.058771 -3.981075
-0.115985 -3.958055
-0.219072 -3.935036
-0.396476 -3.912017
-0.688460 -3.888997
-1.148797 -3.865978
-1.845257 -3.842959
-2.858402 -3.819939
-4.278265 -3.796920
-6.198512 -3.773901
-8.707561 -3.750881
-11.875990 -3.727862
-15.739974 -3.704842
-20.281820 -3.681823
-25.411143 -3.658804
-30.952981 -3.635784
-36.650544 -3.612765
-42.188425 -3.589746
-47.236202 -3.566726
-51.503935 -3.543707
-54.793891 -3.520688
-57.031143 -3.497668
-58.261772 -3.474649
-58.619448 -3.451630
-58.273810 -3.428610
-57.381015 -3.405591
-56.054552 -3.382571
-54.364327 -3.359552
-52.359417 -3.336533
-50.100897 -3.313513
-47.689234 -3.290494
-45.275230 -3.267475
-43.050940 -3.244455
-41.223603 -3.221436
-39.979480 -3.198417
-39.445872 -3.175397
-39.659549 -3.152378
-40.549338 -3.129358
-41.939175 -3.106339
-43.574598 -3.083320
-45.170054 -3.060300
-46.467375 -3.037281
-47.290210 -3.014262
-47.577997 -2.991242
-47.388260 -2.968223
-46.866534 -2.945204
-46.195247 -2.922184
-45.541000 -2.899165
-45.019890 -2.876146
-44.692179 -2.853126
-44.584352 -2.830107
-44.724416 -2.807087
-45.170718 -2.784068
-46.018049 -2.761049
-47.375465 -2.738029
-49.323181 -2.715010
-51.865434 -2.691991
-54.898505 -2.668971
-58.207741 -2.645952
-61.496923 -2.622933
-64.442106 -2.599913
-66.754194 -2.576894
-68.232527 -2.553874
-68.795730 -2.530855
-68.483979 -2.507836
-67.435585 -2.484816
-65.847222 -2.461797
-63.929723 -2.438778
-61.870062 -2.415758
-59.806495 -2.392739
-57.819642 -2.369720
-55.938791 -2.346700
-54.160055 -2.323681
-52.471030 -2.300662
-50.875064 -2.277642
-49.407968 -2.254623
-48.141594 -2.231603
-47.172459 -2.208584
-46.598513 -2.185565
-46.491224 -2.162545
-46.871868 -2.139526
-47.699351 -2.116507
-48.873046 -2.093487
-50.249447 -2.070468
-51.667620 -2.047449
-52.976511 -2.024429
-54.057529 -2.001410
-54.838045 -1.978390
-55.294765 -1.955371
-55.449003 -1.932352
-55.357498 -1.909332
-55.102000 -1.886313
-54.778878 -1.863294
-54.488064 -1.840274
-54.320128 -1.817255
-54.341975 -1.794236
-54.584386 -1.771216
-55.036475 -1.748197
-55.651278 -1.725178
-56.362781 -1.702158
-57.109376 -1.679139
-57.854822 -1.656119
-58.597672 -1.633100
-59.364424 -1.610081
-60.188707 -1.587061
-61.085257 -1.564042
-62.030206 -1.541023
-62.956689 -1.518003
-63.768235 -1.494984
-64.364829 -1.471965
-64.671506 -1.448945
-64.659120 -1.425926
-64.351112 -1.402907
-63.816446 -1.379887
-63.154051 -1.356868
-62.475825 -1.333848
-61.893331 -1.310829
-61.509319 -1.287810
-61.411877 -1.264790
-61.668021 -1.241771
-62.315262 -1.218752
-63.352597 -1.195732
-64.734502 -1.172713
-66.371435 -1.149694
-68.138135 -1.126674
-69.887913 -1.103655
-71.468930 -1.080635
-72.738209 -1.057616
-73.570884 -1.034597
-73.864975 -1.011577
-73.544302 -0.988558
-72.562917 -0.965539
-70.913122 -0.942519
-68.636370 -0.919500
-65.833182 -0.896481
-62.666420 -0.873461
-59.352726 -0.850442
-56.139977 -0.827423
-53.273047 -0.804403
-50.954318 -0.781384
-49.307730 -0.758364
-48.354969 -0.735345
-48.009925 -0.712326
-48.093810 -0.689306
-48.368937 -0.666287
-48.584976 -0.643268
-48.528138 -0.620248
-48.062228 -0.597229
-47.151771 -0.574210
-45.861921 -0.551190
-44.336355 -0.528171
-42.760737 -0.505151
-41.322889 -0.482132
-40.180200 -0.459113
-39.440546 -0.436093
-39.157340 -0.413074
-39.335019 -0.390055
-39.939737 -0.367035
-40.911124 -0.344016
-42.173065 -0.320997
-43.642950 -0.297977
-45.239085 -0.274958
-46.885571 -0.251939
-48.513970 -0.228919
-50.062055 -0.205900
-51.471494 -0.182880
-52.687354 -0.159861
-53.661900 -0.136842
-54.363213 -0.113822
-54.786540 -0.090803
-54.964196 -0.067784
-54.969268 -0.044764
-54.909761 -0.021745
-54.912501 0.001274
-55.099445 0.024294
-55.561778 0.047313
-56.338530 0.070333
-57.405981 0.093352
-58.681775 0.116371
-60.044110 0.139391
-61.362411 0.162410
-62.532530 0.185429
-63.507661 0.208449
-64.316415 0.231468
-65.062141 0.254487
-65.902324 0.277507
-67.012528 0.300526
-68.544265 0.323545
-70.588324 0.346565
-73.153415 0.369584
-76.164930 0.392604
-79.482077 0.415623
-82.926300 0.438642
-86.311885 0.461662
-89.471288 0.484681
-92.271661 0.507700
-94.623025 0.530720
-96.480596 0.553739
-97.843479 0.576758
-98.750184 0.599778
-99.269793 0.622797
-99.487355 0.645817
-99.483563 0.668836
-99.311337 0.691855
-98.974694 0.714875
-98.416965 0.737894
-97.525227 0.760913
-96.154903 0.783933
-94.172879 0.806952
-91.510273 0.829971
-88.209694 0.852991
-84.449540 0.876010
-80.532111 0.899029
-76.832752 0.922049
-73.720762 0.945068
-71.473915 0.968088
-70.212164 0.991107
-69.870312 1.014126
-70.216228 1.037146
-70.905986 1.060165
-71.556281 1.083184
-71.811713 1.106204
-71.390357 1.129223
-70.101974 1.152242
-67.844253 1.175262
-64.588919 1.198281
-60.369490 1.221301
-55.276915 1.244320
-49.461713 1.267339
-43.135407 1.290359
-36.562857 1.313378
-30.040683 1.336397
-23.863442 1.359417
-18.285235 1.382436
-13.487123 1.405455
-9.559083 1.428475
-6.500280 1.451494
-4.235563 1.474513
-2.641730 1.497533
-1.575711 1.520552
-0.898161 1.543572
-0.488938 1.566591
-0.254070 1.589610
-0.125971 1.612630
-0.059573 1.635649
-0.026863 1.658668
-0.011548 1.681688
-0.004731 1.704707
-0.001847 1.727726
-0.000687 1.750746
-0.000243 1.773765
-0.000082 1.796784
-0.000026 1.819804
-0.000008 1.842823
-0.000002 1.865843
-0.000001 1.888862
-0.000000 1.911881
-0.000000 1.934901
-0.000000 1.957920
-0.000000 1.980939
-0.000000 2.003959
-0.000000 2.026978
-0.000000 2.049997
-0.000000 2.073017
-0.000000 2.096036
-0.000000 2.119056
-0.000000 2.142075
-0.000000 2.165094
-0.000000 2.188114
-0.000000 2.211133
-0.000000 2.234152
-0.000000 2.257172
-0.000000 2.280191
-0.000000 2.303210
-0.000000 2.326230
-0.000000 2.349249
-0.000000 2.372268
-0.000000 2.395288
-0.000000 2.418307
-0.000000 2.441327
-0.000000 2.464346
-0.000000 2.487365
-0.000000 2.510385
-0.000000 2.533404
-0.000000 2.556423
-0.000000 2.579443
-0.000000 2.602462
-0.000000 2.625481
-0.000000 2.648501
-0.000000 2.671520
-0.000000 2.694540
-0.000001 2.717559
-0.000004 2.740578
-0.000012 2.763598
-0.000036 2.786617
-0.000100 2.809636
-0.000267 2.832656
-0.000679 2.855675
-0.001644 2.878694
-0.003795 2.901714
-0.008350 2.924733
-0.017511 2.947752
-0.035013 2.970772
-0.066754 2.993791
-0.121388 3.016811
-0.210600 3.039830
-0.348748 3.062849
-0.551560 3.085869
-0.833761 3.108888
-1.205914 3.131907
-1.671161 3.154927
-2.222970 3.177946
-2.844941 3.200965
-3.513302 3.223985
-4.201835 3.247004
-4.888103 3.270024
-5.559249 3.293043
-6.215764 3.316062
-6.872264 3.339082
-7.555159 3.362101
-8.297713 3.385120
-9.133180 3.408140
-10.086725 3.431159
-11.167060 3.454178
-12.359328 3.477198
-13.621447 3.500217
-14.886145 3.523236
-16.069857 3.546256
-17.087487 3.569275
-17.869667 3.592295
-18.377638 3.615314
-18.611052 3.638333
-18.605911 3.661353
-18.423003 3.684372
-18.130361 3.707391
-17.785450 3.730411
-17.422984 3.753430
-17.052309 3.776449
-16.664560 3.799469
-16.245854 3.822488
-15.790425 3.845508
-15.308145 3.868527
-14.824180 3.891546
-14.372947 3.914566
-13.991426 3.937585
-13.716582 3.960604
-13.588274 3.983624
-13.654590 4.006643
-13.973953 4.029662
-14.609261 4.052682
-15.613508 4.075701
-17.011320 4.098720
-18.783934 4.121740
-20.864393 4.144759
-23.145514 4.167779
-25.497700 4.190798
-27.789548 4.213817
-29.903523 4.236837
-31.741822 4.259856
-33.222428 4.282875
-34.270025 4.305895
-34.808757 4.328914
-34.763048 4.351933
-34.069238 4.374953
-32.696158 4.397972
-30.668796 4.420991
-28.087204 4.444011
-25.133568 4.467030
-22.063412 4.490050
-19.181239 4.513069
-16.804970 4.536088
-15.226033 4.559108
-14.672347 4.582127
-15.279928 4.605146
-17.076436 4.628166
-19.977621 4.651185
-23.795883 4.674204
-28.259188 4.697224
-33.038012 4.720243
-37.777656 4.743263
-42.133104 4.766282
-45.803633 4.789301
-48.564478 4.812321
-50.292741 4.835340
-50.984245 4.858359
-50.757543 4.881379
-49.841524 4.904398
-48.545070 4.927417
-47.211154 4.950437
-46.162654 4.973456
-45.651053 4.996475
-45.819867 5.019495
-46.691140 5.042514
-48.176720 5.065534
-50.108699 5.088553
-52.278614 5.111572
-54.474586 5.134592
-56.509372 5.157611
-58.238046 5.180630
-59.568606 5.203650
-60.469945 5.226669
-60.978950 5.249688
-61.203997 5.272708
-61.318686 5.295727
-61.539939 5.318747
-62.089140 5.341766
-63.142162 5.364785
-64.780530 5.387805
-66.958561 5.410824
-69.498262 5.433843
-72.116139 5.456863
-74.476480 5.479882
-76.257829 5.502901
-77.215896 5.525921
-77.227870 5.548940
-76.308958 5.571959
-74.599619 5.594979
-72.329064 5.617998
-69.765477 5.641018
-67.165275 5.664037
-64.732674 5.687056
-62.597219 5.710076
-60.811667 5.733095
-59.366885 5.756114
-58.215851 5.779134
-57.297080 5.802153
-56.549595 5.825172
-55.916361 5.848192
-55.338887 5.871211
-54.749824 5.894231
-54.070989 5.917250
-53.221087 5.940269
-52.132136 5.963289
-50.768724 5.986308
-49.142085 6.009327
-47.312203 6.032347
-45.375191 6.055366
-43.438342 6.078385
-41.589644 6.101405
-39.870868 6.124424
-38.262877 6.147443
-36.688496 6.170463
-35.033076 6.193482
-33.177139 6.216502
-31.031389 6.239521
-28.563441 6.262540
-25.808412 6.285560
-22.861092 6.308579
-19.853467 6.331598
-16.925565 6.354618
-14.198561 6.377637
-11.756851 6.400656
-9.641791 6.423676
-7.855821 6.446695
-6.373157 6.469715
-5.152588 6.492734
-4.148802 6.515753
-3.320252 6.538773
-2.633145 6.561792
-2.062211 6.584811
-1.589401 6.607831
-1.201672 6.630850
-0.888786 6.653869
-0.641659 6.676889
-0.451455 6.699908
-0.309336 6.722927
-0.206657 6.745947
-0.135347 6.768966
-0.088276 6.791986
-0.059490 6.815005
-0.044271 6.838024
-0.039068 6.861044
-0.041340 6.884063
-0.049400 6.907082
-0.062294 6.930102
-0.079749 6.953121
-0.102141 6.976140
-0.130429 6.999160
-0.165978 7.022179
-0.210269 7.045198
-0.264549 7.068218
-0.329621 7.091237
-0.405958 7.114257
-0.494358 7.137276
-0.597183 7.160295
-0.720095 7.183315
-0.874071 7.206334
-1.077401 7.229353
-1.357370 7.252373
-1.751298 7.275392
-2.306503 7.298411
-3.078627 7.321431
-4.127659 7.344450
-5.511151 7.367470
-7.274627 7.390489
-9.440022 7.413508
-11.993976 7.436528
-14.878489 7.459547
-17.986735 7.482566
-21.166356 7.505586
-24.231481 7.528605
-26.983147 7.551624
-29.235949 7.574644
-30.846857 7.597663
-31.740756 7.620682
-31.926811 7.643702
-31.500844 7.666721
-30.631636 7.689741
-29.532879 7.712760
-28.426420 7.735779
-27.504901 7.758799
-26.902259 7.781818
-26.678290 7.804837
-26.819585 7.827857
-27.254741 7.850876
-27.878213 7.873895
-28.575593 7.896915
-29.243803 7.919934
-29.802311 7.942954
-30.195121 7.965973
-30.386566 7.988992
-30.355594 8.012012
-30.092731 8.035031
-29.601484 8.058050
-28.902909 8.081070
-28.039842 8.104089
-27.077009 8.127108
-26.094883 8.150128
-25.177868 8.173147
-24.399813 8.196166
-23.810994 8.219186
-23.430292 8.242205
-23.244681 8.265225
-23.216058 8.288244
-23.293404 8.311263
-23.426724 8.334283
-23.578549 8.357302
-23.729273 8.380321
-23.874543 8.403341
-24.015847 8.426360
-24.148486 8.449379
-24.252749 8.472399
-24.293232 8.495418
-24.227875 8.518438
-24.023648 8.541457
-23.672316 8.564476
-23.199111 8.587496
-22.660025 8.610515
-22.128436 8.633534
-21.676302 8.656554
-21.357024 8.679573
-21.195524 8.702592
-21.187285 8.725612
-21.304242 8.748631
-21.503384 8.771650
-21.734315 8.794670
-21.944074 8.817689
-22.079685 8.840709
-22.090242 8.863728
-21.930238 8.886747
-21.564914 8.909767
-20.977021 8.932786
-20.173288 8.955805
-19.188325 8.978825
-18.083984 9.001844
-16.943299 9.024863
-15.859902 9.047883
-14.925348 9.070902
-14.217549 9.093922
-13.792757 9.116941
-13.681717 9.139960
-13.888609 9.162980
-14.390584 9.185999
-15.136581 9.209018
-16.046508 9.232038
-17.014030 9.255057
-17.916741 9.278076
-18.635242 9.301096
-19.078546 9.324115
-19.208938 9.347134
-19.057458 9.370154
-18.722852 9.393173
-18.351839 9.416193
-18.104929 9.439212
-18.117203 9.462231
-18.465217 9.485251
-19.149099 9.508270
-20.093849 9.531289
-21.167943 9.554309
-22.212791 9.577328
-23.074594 9.600347
-23.631065 9.623367
-23.808263 9.646386
-23.586313 9.669406
-22.995610 9.692425
-22.106745 9.715444
-21.017638 9.738464
-19.840701 9.761483
-18.691721 9.784502
-17.680940 9.807522
-16.905936 9.830541
-16.445442 9.853560
-16.353483 9.876580
-16.654007 9.899599
-17.337212 9.922618
-18.359319 9.945638
-19.647196 9.968657
-21.107802 9.991677
-22.640621 10.014696
-24.149987 10.037715
-25.554267 10.060735
-26.790318 10.083754
-27.813686 10.106773
-28.596618 10.129793
-29.126258 10.152812
-29.404468 10.175831
-29.449086 10.198851
-29.295211 10.221870
-28.994703 10.244889
-28.612640 10.267909
-28.220467 10.290928
-27.886639 10.313948
-27.666260 10.336967
-27.591728 10.359986
-27.666452 10.383006
-27.863492 10.406025
-28.130071 10.429044
-28.397645 10.452064
-28.595696 10.475083
-28.666259 10.498102
-28.575873 10.521122
-28.322157 10.544141
-27.933543 10.567161
-27.462286 10.590180
-26.972465 10.613199
-26.525938 10.636219
-26.169745 10.659238
-25.928126 10.682257
-25.800950 10.705277
-25.768227 10.728296
-25.798331 10.751315
-25.856363 10.774335
-25.909449 10.797354
-25.927516 10.820373
-25.880520 10.843393
-25.734939 10.866412
-25.452899 10.889432
-24.996149 10.912451
-24.334839 10.935470
-23.458665 10.958490
-22.386278 10.981509
-21.168812 11.004528
-19.884908 11.027548
-18.627388 11.050567
-17.484622 11.073586
-16.521774 11.096606
-15.767413 11.119625
-15.209479 11.142645
-14.801655 11.165664
-14.478012 11.188683
-14.171498 11.211703
-13.831114 11.234722
-13.433604 11.257741
-12.987511 11.280761
-12.529623 11.303780
-12.115497 11.326799
-11.806564 11.349819
-11.656418 11.372838
-11.698687 11.395857
-11.938496 11.418877
-12.349042 11.441896
-12.873989 11.464916
-13.435269 11.487935
-13.944592 11.510954
-14.316073 11.533974
-14.477283 11.556993
-14.376836 11.580012
-13.988053 11.603032
-13.309497 11.626051
-12.363646 11.649070
-11.194613 11.672090
-9.864854 11.695109
-8.450184 11.718129
-7.032507 11.741148
-5.690556 11.764167
-4.490139 11.787187
-3.476060 11.810206
-2.667791 11.833225
-2.059935 11.856245
-1.627160 11.879264
-1.332038 11.902283
-1.133660 11.925303
-0.994972 11.948322
-0.887468 11.971341
-0.792826 11.994361
-0.701920 12.017380
-0.612254 12.040400
-0.524961 12.063419
-0.442327 12.086438
-0.366287 12.109458
-0.297908 12.132477
-0.237505 12.155496
-0.185006 12.178516
-0.140230 12.201535
-0.102976 12.224554
-0.072958 12.247574
-0.049690 12.270593
-0.032436 12.293613
-0.020246 12.316632
-0.012062 12.339651
-0.006851 12.362671
-0.003705 12.385690
-0.001907 12.408709
-0.000934 12.431729
-0.000435 12.454748
-0.000192 12.477767
-0.000081 12.500787
-0.000032 12.523806
-0.000012 12.546825
-0.000004 12.569845
-0.000002 12.592864
-0.000000 12.615884
-0.000000 12.638903
-0.000000 12.661922
-0.000000 12.684942
-0.000000 12.707961
-0.000000 12.730980
-0.000000 12.754000
-0.000000 12.777019
-0.000000 12.800038
-0.000000 12.823058
-0.000000 12.846077
-0.000000 12.869096
-0.000000 12.892116
-0.000000 12.915135
-0.000000 12.938155
-0.000000 12.961174
-0.000000 12.984193
-0.000000 13.007213
-0.000000 13.030232
-0.000000 13.053251
-0.000000 13.076271
-0.000000 13.099290
-0.000000 13.122309
-0.000000 13.145329
-0.000000 13.168348
-0.000000 13.191368
-0.000000 13.214387
-0.000000 13.237406
-0.000000 13.260426
-0.000000 13.283445
-0.000000 13.306464
-0.000000 13.329484
-0.000000 13.352503
-0.000000 13.375522
-0.000000 13.398542
-0.000000 13.421561
-0.000000 13.444580
-0.000000 13.467600
-0.000000 13.490619
-0.000000 13.513639
-0.000000 13.536658
-0.000000 13.559677
-0.000000 13.582697
-0.000000 13.605716
-0.000000 13.628735
-0.000000 13.651755
-0.000000 13.674774
-0.000000 13.697793
-0.000000 13.720813
-0.000000 13.743832
-0.000000 13.766852
-0.000000 13.789871
-0.000000 13.812890
-0.000000 13.835910
-0.000000 13.858929
-0.000000 13.881948
-0.000000 13.904968
-0.000000 13.927987
-0.000000 13.951006
-0.000000 13.974026
-0.000000 13.997045
-0.000000 14.020064
-0.000000 14.043084
-0.000000 14.066103
-0.000000 14.089123
-0.000000 14.112142
-0.000000 14.135161
-0.000000 14.158181
-0.000000 14.181200

